"","ECP_RS00145","ECP_RS00290","ECP_RS00365","ECP_RS00515","ECP_RS00540","ECP_RS00565","ECP_RS00805","ECP_RS00810","ECP_RS00815","ECP_RS00820","ECP_RS00865","ECP_RS00875","ECP_RS00890","ECP_RS00895","ECP_RS00900","ECP_RS00930","ECP_RS00935","ECP_RS01020","ECP_RS01030","ECP_RS01195","ECP_RS01580","ECP_RS01585","ECP_RS02090","ECP_RS02200","ECP_RS02265","ECP_RS02280","ECP_RS02285","ECP_RS02350","ECP_RS02395","ECP_RS02435","ECP_RS02445","ECP_RS02450","ECP_RS02465","ECP_RS02480","ECP_RS02530","ECP_RS02655","ECP_RS02670","ECP_RS02715","ECP_RS02780","ECP_RS02915","ECP_RS02920","ECP_RS02970","ECP_RS03160","ECP_RS03300","ECP_RS03305","ECP_RS03310","ECP_RS03350","ECP_RS03365","ECP_RS03370","ECP_RS03415","ECP_RS03515","ECP_RS03565","ECP_RS03775","ECP_RS03830","ECP_RS03880","ECP_RS03890","ECP_RS03945","ECP_RS04120","ECP_RS04535","ECP_RS04545","ECP_RS04575","ECP_RS04630","ECP_RS04635","ECP_RS04705","ECP_RS04710","ECP_RS04745","ECP_RS04750","ECP_RS04810","ECP_RS04825","ECP_RS05060","ECP_RS05150","ECP_RS05155","ECP_RS26160","ECP_RS05330","ECP_RS05345","ECP_RS05360","ECP_RS05410","ECP_RS05420","ECP_RS05455","ECP_RS05505","ECP_RS05515","ECP_RS05525","ECP_RS05575","ECP_RS05635","ECP_RS05650","ECP_RS05665","ECP_RS05710","ECP_RS05910","ECP_RS06185","ECP_RS06190","ECP_RS06240","ECP_RS06270","ECP_RS06340","ECP_RS06350","ECP_RS06380","ECP_RS06410","ECP_RS06520","ECP_RS06525","ECP_RS06570","ECP_RS06605","ECP_RS06700","ECP_RS06730","ECP_RS06785","ECP_RS06930","ECP_RS26195","ECP_RS06985","ECP_RS07020","ECP_RS07275","ECP_RS07280","ECP_RS07595","ECP_RS07845","ECP_RS07900","ECP_RS07945","ECP_RS07985","ECP_RS07990","ECP_RS08040","ECP_RS08045","ECP_RS08070","ECP_RS08075","ECP_RS08160","ECP_RS08275","ECP_RS08485","ECP_RS08530","ECP_RS08755","ECP_RS08835","ECP_RS08960","ECP_RS08990","ECP_RS09205","ECP_RS09240","ECP_RS09285","ECP_RS09340","ECP_RS09345","ECP_RS09350","ECP_RS09595","ECP_RS09600","ECP_RS09605","ECP_RS09610","ECP_RS09615","ECP_RS09620","ECP_RS09630","ECP_RS09635","ECP_RS09640","ECP_RS09645","ECP_RS09655","ECP_RS09710","ECP_RS10100","ECP_RS10475","ECP_RS10555","ECP_RS10570","ECP_RS10590","ECP_RS10875","ECP_RS10880","ECP_RS10885","ECP_RS10915","ECP_RS10955","ECP_RS11015","ECP_RS11055","ECP_RS11100","ECP_RS11135","ECP_RS11140","ECP_RS26330","ECP_RS11245","ECP_RS11250","ECP_RS11255","ECP_RS11270","ECP_RS11280","ECP_RS11470","ECP_RS11575","ECP_RS11595","ECP_RS11600","ECP_RS11605","ECP_RS11700","ECP_RS11705","ECP_RS11710","ECP_RS11850","ECP_RS11865","ECP_RS11870","ECP_RS11905","ECP_RS11995","ECP_RS12015","ECP_RS12035","ECP_RS12065","ECP_RS12070","ECP_RS12175","ECP_RS12330","ECP_RS12645","ECP_RS12710","ECP_RS12715","ECP_RS12735","ECP_RS12750","ECP_RS12760","ECP_RS12805","ECP_RS12845","ECP_RS12855","ECP_RS12905","ECP_RS13025","ECP_RS13055","ECP_RS13120","ECP_RS13565","ECP_RS13610","ECP_RS13870","ECP_RS13905","ECP_RS13945","ECP_RS14200","ECP_RS14205","ECP_RS14245","ECP_RS14495","ECP_RS14545","ECP_RS14730","ECP_RS15135","ECP_RS15415","ECP_RS15425","ECP_RS15430","ECP_RS15465","ECP_RS15470","ECP_RS25410","ECP_RS15555","ECP_RS15845","ECP_RS15855","ECP_RS15860","ECP_RS15895","ECP_RS16030","ECP_RS16055","ECP_RS16145","ECP_RS16155","ECP_RS16160","ECP_RS16165","ECP_RS16315","ECP_RS16395","ECP_RS16485","ECP_RS16490","ECP_RS16500","ECP_RS16600","ECP_RS16645","ECP_RS16705","ECP_RS16955","ECP_RS25480","ECP_RS17010","ECP_RS17015","ECP_RS17040","ECP_RS17070","ECP_RS17285","ECP_RS17290","ECP_RS17295","ECP_RS17300","ECP_RS17305","ECP_RS17325","ECP_RS17335","ECP_RS17340","ECP_RS17345","ECP_RS17350","ECP_RS17355","ECP_RS17360","ECP_RS17365","ECP_RS17370","ECP_RS17375","ECP_RS17485","ECP_RS17490","ECP_RS17555","ECP_RS17585","ECP_RS17665","ECP_RS17690","ECP_RS17695","ECP_RS17770","ECP_RS17775","ECP_RS17810","ECP_RS17845","ECP_RS17850","ECP_RS17880","ECP_RS18000","ECP_RS18005","ECP_RS18060","ECP_RS18155","ECP_RS18195","ECP_RS18285","ECP_RS18450","ECP_RS18485","ECP_RS18530","ECP_RS18630","ECP_RS18635","ECP_RS18665","ECP_RS18725","ECP_RS18885","ECP_RS18900","ECP_RS18905","ECP_RS18945","ECP_RS19010","ECP_RS19015","ECP_RS19035","ECP_RS19040","ECP_RS19050","ECP_RS19060","ECP_RS19745","ECP_RS19795","ECP_RS19920","ECP_RS19980","ECP_RS19985","ECP_RS20070","ECP_RS20075","ECP_RS20180","ECP_RS20240","ECP_RS20245","ECP_RS20365","ECP_RS20550","ECP_RS20565","ECP_RS20710","ECP_RS20775","ECP_RS20785","ECP_RS20790","ECP_RS20795","ECP_RS20880","ECP_RS21060","ECP_RS21095","ECP_RS21105","ECP_RS21270","ECP_RS21300","ECP_RS21370","ECP_RS21385","ECP_RS21390","ECP_RS21500","ECP_RS21845","ECP_RS22050","ECP_RS22060","ECP_RS22065","ECP_RS22070","ECP_RS22080","ECP_RS22510","ECP_RS22515","ECP_RS22525","ECP_RS22645","ECP_RS22655","ECP_RS22660","ECP_RS22680","ECP_RS22715","ECP_RS22745","ECP_RS22760","ECP_RS22795","ECP_RS22825","ECP_RS22865","ECP_RS22950","ECP_RS23300","ECP_RS23665","ECP_RS23730","ECP_RS23770","ECP_RS23845","ECP_RS23875","ECP_RS23910","ECP_RS23970","ECP_RS23975","ECP_RS23995"
"UPEC_As_1 (GE) - TPM",0.523125985722281,0.267180441094211,1.04721941100605,1.35149082519039,0.716086071247732,1.47734676128585,1.11641312897679,1.13059451308874,2.46028161300689,2.59046602747895,0.459864643559553,1.73883406561989,2.62448492816064,2.3827960528775,1.23359669436179,1.07426619624021,0.311631872696525,0.726960227965607,0.856136350711415,-0.176488338455619,1.91704810511345,0.641238316858693,1.31226289369618,1.72288045580826,2.23134556953041,0.759209157276757,1.15837717243913,2.57760161622392,0.354209757456024,0.694070820285609,0.372103620819624,1.52930581646593,1.88108109205694,2.86188553893519,1.46749070976081,0.373922551714596,1.80632367565796,0.320069339531955,0.730536178334627,0.807865836308344,1.15026997403833,0.934196088874323,-1.11569277260889,1.08372189327538,2.34578033764795,0.954021493616948,0.810670183527771,1.1640018574704,0.35127700425258,1.32706203724922,0.217472111172832,-0.132322164688925,2.24486659031292,-1.01045086343667,0.717512592307606,0.474422828297122,1.84278509825766,0.810233400202967,0.703156007445533,1.26391227821081,0.154697998617753,0.98027881676083,1.2782348247577,1.30754434895775,1.13190339461929,1.11291939141199,1.3361062961386,1.9773732879069,1.07747722649289,-2.20365555394951,1.62316217793031,2.16776929233635,0.740020354818593,1.34785205639563,0.0425679021837533,1.80830555646004,1.34735444467462,0.323798455499011,0.753133425692074,1.2501935341441,0.617912949115131,1.82770558821579,0.761216272932607,1.60686797897058,-0.0780955093961222,2.07513523260807,2.18997327492076,2.02623398155243,1.48244017321537,1.82102856029339,2.22174352679731,1.51944775158712,0.858917842535803,2.71936858693744,0.0760411453618573,0.838112227433432,1.34711079010817,1.90540798865654,0.0275397257674676,1.83544917227764,0.442325980925947,1.39255428129878,2.55081572689824,0.952790291215202,1.85792447943347,0.150663423226733,-1.51129330730366,0.793402850602736,0.904113687822417,0.836215395174906,2.04552893380414,1.56567457791895,0.684241489996012,1.47924723377422,1.2756838779729,2.38073937050199,2.27011726450728,0.859612722460569,1.32493360358474,1.8134738438074,2.00822648218192,4.02058852550098,-1.4731420408746,1.66622286922182,2.67652524717298,1.36885138644755,-0.48312394034538,0.149327750876928,1.47359779484273,-0.484960283765488,2.20025537835131,2.59173556785358,1.99998879784398,1.7626300777443,2.2632460869966,1.31122663473158,1.73630996489111,1.90037286301481,1.36809117164938,1.39057713900415,2.1980179107006,1.78370543961518,1.59217612920077,1.42970156342441,1.58832428788768,-1.53664528314486,0.832929274710995,1.19133830467371,1.5270508093138,1.87896942978457,-0.0796857440861886,-0.147443775901871,1.06636306726031,1.48313601308363,0.115693355163383,2.2619736709666,1.2270492157702,-1.23113395798609,0.694098043966185,0.79045303704055,2.14746684161982,1.14454668304554,0.829961482186217,0.503886839688828,2.81623444586697,2.62281098841356,1.48125756634429,0.187104380138047,-0.393169234888605,-0.0740099288275507,0.776597414022868,0.556855579927202,0.0182505553888231,0.640133874776025,0.819190729151002,0.601249939051319,1.91633995869318,-0.17158514184416,0.0685570714192762,-0.691876379198574,0.503700659147798,-0.365149738649513,0.189261241964359,-0.369345728523081,2.61524494182976,2.10227317361251,1.10090976918843,0.807607868660767,-0.278016743468474,1.89192186535697,-0.668091347692395,-0.23842053171542,2.04487980264573,0.611110921864622,0.0354007130162203,0.638586896287565,-0.657416034569173,1.93260026774632,0.104878787569415,0.273536290678233,0.580808282026071,0.303606391173163,-0.372796835581601,1.6484547629859,1.04745065295205,1.23573244341867,1.79630499197007,2.17728242236961,1.07745635209663,1.35349385276403,1.69737904293711,2.22256540543883,1.19143053168272,1.96265791085048,2.25035439731194,0.68244854347731,0.86438132469945,0.645339412757611,0.2496228409586,1.24605320153186,0.619681979316352,-0.85553080408875,0.773064418882497,1.537303714487,0.326941445323481,1.14910095030142,1.40330965199002,1.33283622634839,-0.434224700365686,0.154475925628708,0.283881273999857,0.480975823706296,-0.849045040232998,1.11312965979737,2.26955920431543,1.42074875976518,0.932217225667749,0.41974928129494,0.9005713148863,-0.244428606934105,3.28074626324361,1.46410381268912,1.04082220591695,1.21095003029598,0.508216346018329,0.648211014524668,1.79564841300376,1.25656764155835,1.21183538721508,1.88330144517136,2.1351083969942,0.959650632087571,0.533236390162052,1.00750475149475,0.936389353966673,1.18545917754902,0.99812515005159,0.722756098969875,0.439714311473472,1.53506309510561,1.41114802413422,1.47982150632601,-0.132690628710661,1.40353538960251,0.769709218853849,-0.0662096520137853,1.61712113597955,2.32849207080785,1.26333822775207,1.12302010873267,2.65497397238174,-0.431035394183617,0.64595224404236,1.38166156684986,0.748357327618711,2.18910947626409,1.31153156070976,-1.07352328256335,1.1827150590638,1.0207686736402,-0.320800086483802,0.850091774887973,0.216656353778506,1.51450744703318,2.21549956343678,-0.675975896505619,1.46499246037491,0.623140085145152,-0.18724538971786,2.05313395000668,3.32194273212152,2.20459441383837,1.22175970871163,1.71370733124094,0.322771093987179,-0.50593082437902,0.0602391682689414,1.91864506721084,2.98620536276596,2.53219041220231,1.13208323882771,0.422232823741183,-0.311645290449704,0.152357911878971,0.722710831838428,1.53309789479565,2.26522624037931,2.16522856864716,2.09515130612562,1.23753983794633,1.00960219629692,2.52230699934975,2.86559196938898,1.23294032613677,1.73555229193332,-0.061401499026307,0.64921257875813,0.439208441333819,0.865266248653971,-0.397718630617065,2.4872970170855,0.310815622774814,0.260178301180329,0.968130514498432,1.51170168254124,1.9580837282998,0.43416670415038,1.03638481484301,0.0806606243618123,2.31163785361177,2.08987509501905,0.702409136693937,0.872332148617179,1.41040169625421,-0.676396970852551,-1.10018775992581,2.1894973237121,-0.107628719126722,0.279913426370602,0.0615990470804713,0.355461519415536,0.752689032965499,0.966186024211356,1.08270398371973,1.40942059068046,2.15600019390645,-0.498974769054073,0.353397236835141,-0.435610394456703,0.721186964004699
"UPEC_As_2 (GE) - TPM",0.770262851513157,0.483692936167186,0.309709586904079,1.57819946981897,0.193708617716596,1.7457088002076,1.36288369617459,1.35729287137149,1.44938858504879,2.30476934357704,2.92355748633788,2.45280907543099,0.385898713439065,0.311310555928584,0.460336318497955,1.80556297710666,1.56528383260135,0.643348002669004,0.631656176405257,-0.507864460617278,1.85995032840752,0.275399365241489,0.953215158186953,1.8118904303641,1.31059948611318,0.477543286411728,1.84083528681634,1.68391095916787,1.04071544124825,0.811274803950418,0.369073557572322,1.26502604504799,1.20958585895621,1.25279279696058,1.94476150873625,-0.0210190908715695,0.971125072572525,0.151696890638645,0.932002121900567,0.971901462349772,1.37896256478807,0.999703998966186,-0.808619493392595,1.58526115119472,1.53771606929381,1.08214152327451,0.174410743278217,1.58836934686983,3.9681067896697,0.913657759767569,0.59627988649667,0.24136692553951,2.02583178246631,-0.530246874302632,1.07389349307532,0.407090255479851,0.968259970154887,0.620431042680062,0.668707581140051,1.77330718984772,0.880733605157613,2.75180674310179,1.19404203058902,1.30294753123212,1.06240994025819,1.60673878991813,1.1798076777991,1.30733191356426,2.55867204248795,-1.70578194154982,1.54949785180566,3.12790436433455,2.10306384547806,1.56764619593798,1.2194496487543,1.68253860645259,2.91657145276814,0.767733132564886,1.8534472703957,1.31138657180273,0.511168342514736,0.85068029563445,0.684557196213688,2.31696459028524,0.504155942301176,0.614633875024484,0.706120613345247,1.1147033023521,1.58674065883485,1.58192749068364,2.30530561750998,0.763127197630013,1.17757994132894,1.75537846169182,0.410640665024644,0.860259028827144,1.64895280488942,1.51443638091366,1.25239440256202,1.36066213389511,1.72266860939727,1.73856080868528,1.22578703348541,1.54299598097696,1.10463889265351,0.720756238283216,-1.3764627385639,1.36538860437659,2.2110817454764,0.623528525755295,2.13497548148117,1.07310324327917,1.63860656610827,0.962355619965469,1.48693112868865,1.01719975598724,-0.239146778203187,0.134576506718053,1.05595794139502,1.61381665665541,0.497260925082877,0.629810539468917,-1.08707410224526,2.95100234618797,1.37568243764361,2.03489386846776,0.330367752066687,-0.187063387565428,1.05500164668379,-0.613005941815531,2.04823817034174,3.23415912892186,2.45314275447959,2.44175920828889,3.44255581107108,1.66336226047319,2.72282673222473,1.80074518591717,3.15987992057271,2.4175817525868,1.78702890967335,2.9378135022397,1.52798788554516,3.24863524780867,1.15942208615785,-0.892127070992707,1.34841663915724,1.27489209044352,1.30122067149378,0.762530246549396,0.547705021408494,0.499220548946472,0.741366365833753,1.83988413642156,0.263342211780193,1.34573300918555,1.52546664875275,-0.425103408059384,1.61066502065154,1.80049393430572,0.0515144376409892,-0.234383758519356,-0.300641159333216,-0.40210955330473,2.15041917374788,2.12096237969065,1.98706240689747,0.188979998798161,0.0339383037310881,0.167238844662061,0.997691843273299,1.18167783019152,1.65976162111004,1.31232774017815,1.7173991339476,1.47414045777216,0.573128345728283,-0.289233351344438,0.130791930317171,-0.623541063176965,0.518586709577238,0.124727672128549,0.351002717699684,1.00708865976274,1.15763550561702,1.33198773201116,1.62548802133949,0.68156826220276,-0.140486410169215,0.799105150152235,0.791308313752935,0.217017139846024,1.96168465186575,0.781505796782564,0.636632163474981,1.07644282888415,-0.0953712458718634,1.98010680604251,1.3173784302921,0.858516569242135,0.940049030734786,2.7477774619468,-0.334877163885057,0.426618260594545,-0.203207202883284,1.71509581579529,1.43357707505825,2.5028222454844,0.71687099474433,0.0835643434382545,1.48929031823234,1.5956210567674,0.834426478876762,0.860176330695262,0.781543156844936,1.7373211165699,1.31609987998615,0.633771705801369,0.778267124892484,1.65690288059835,0.848723347675368,-0.530302381500915,2.03412395978887,1.2859467488085,0.193656027378455,0.773975004280664,1.23110316125982,1.05352695477017,2.26826225831092,0.671271122856913,1.75577789478518,1.20742926175033,-0.710240791792067,1.23661356294106,1.60273409612654,2.00549919251898,1.28887031817733,-0.102008824466761,0.714360384933475,1.4232063368678,0.150470048647114,-0.414977774913769,-0.7614351092161,-0.632569401290076,-0.428016686341012,-0.431358762536234,0.612690444780564,-0.257116454571367,-0.114354128149272,-0.0563996769754674,-0.0749783036002792,-0.433489373607919,-0.471367357765771,-0.540675923647047,-0.23800138074033,-0.386567677184482,0.131756299381469,-0.304606537738775,0.573027886923081,1.48306632460674,1.5007982687386,1.36905306706489,0.46866273848767,1.75399730692524,0.415625852164864,-0.193549565846094,2.45845725197098,0.917352605710435,2.19049330966037,0.745246794865209,0.676437165933045,0.953014206703959,1.72629275965857,1.23842321504361,1.06958871341153,1.4641620028094,1.75781802557651,-0.231523214930218,0.610508029144598,1.96675493164479,-0.134833312480162,1.72919198028153,1.1181349170218,1.58755546357229,1.63862851772771,-0.612348336961644,2.70756758674242,1.47691896900222,0.254324740376016,1.00854416320496,2.28327359048156,2.25108425443713,0.754946554838916,1.70526227165828,1.81895198063382,-0.333450662011012,-0.0840417898354896,0.861306790297689,0.536123093466974,0.252092536870981,0.760493561528148,0.707232228460911,0.20588130173969,0.915676238364881,0.262214531573717,1.75703508170125,0.704682260075851,1.78761730979666,1.01006241125104,1.55534003613955,0.806744241590319,2.21893942952254,1.33594507821716,0.523410077152015,1.63834872682526,0.532176916807321,0.842342673634983,-0.247984213187604,0.0283713427820345,-0.0651340349310923,2.96253531215758,0.828928151789803,0.949774181184351,1.32921399066308,1.49942703104588,1.19298708710874,2.32917606506152,2.53113490908366,0.435672965573871,0.19678866740513,0.0866148696048984,-0.480155015712471,1.81527628745583,1.30867046202297,0.342285117978108,-0.44891447199786,1.32866578454261,0.514873863072258,1.27921026984391,0.527529465937808,2.49487851734568,0.632482591853653,0.606354597195071,0.603810066988549,2.41909655173712,1.32993185015353,-0.339537928957497,1.90825759095462,-0.00684667716725769,0.472356148057436
"UPEC_As_3 (GE) - TPM",-0.132497857673374,0.827674632431562,0.196431858941397,1.10848469996342,0.563077113491394,1.31570909472472,0.845666744368303,1.14441114732277,1.20449536098154,1.33434349640801,1.23276108574663,0.766974258869137,1.5398366933625,1.19153029775755,0.20845244250326,0.631948904648766,0.757015335703416,0.183202200319827,0.343273891940441,-0.537961976446702,2.00679803969737,1.98649473673272,0.638845216462011,1.24915511149268,0.299828287589471,0.661548274758269,0.427788637433986,1.27827578242516,0.282666732649995,1.54307646436552,1.34669699759084,1.06995776455111,0.834538369037695,1.01135347360292,1.32464169021903,0.217451557726187,0.269742806768995,2.04557618794031,1.02359317722914,1.23488422739925,0.0260834337126892,0.983797018691369,-0.580641209052878,1.48649358983521,0.723070735159122,1.05731886871173,1.81537589194332,0.987964786610995,1.16752217633587,0.265880870233728,0.218514566129923,-0.414521759720539,0.95240068607944,-0.434506328174307,1.92047402902858,0.189375561712328,0.423264190965271,0.823611930874651,0.270209948908867,1.3491985567048,0.443683752617118,0.370950712426975,0.64040375178753,0.0301418958361552,1.19456169710368,1.23089888321949,0.209080781337359,1.02352815994234,1.66244928592998,-1.6525282096433,0.782019126807979,1.65268003780212,4.22853747672894,1.57016885885261,0.505014139094638,-0.134876519435471,2.21418332172766,1.21169032091553,1.75595333217976,0.831779488471365,0.827624269252148,0.120438162258355,-0.0584373442425349,-0.138158746150933,0.453646085670013,1.65792752179389,0.662323671822602,2.52497561526249,1.17818591151912,1.39266108774016,0.450884188842096,0.508257576435491,0.7855945885609,0.255069217503114,0.497976941881883,0.503400683890166,0.974137944836966,1.76080707431702,0.253400273072858,1.04617624111566,0.210877771331092,0.708521904678017,0.274584845886657,1.72966966881754,-0.412068068894011,0.877033182845514,-0.995974267970977,0.32051265302507,0.821121780438236,0.838518213561797,2.33840098939084,0.645432465025456,0.586465096664698,1.58763547561884,0.831725077265885,2.03422575434513,2.34735260305528,-0.00406269048175452,0.200547130348259,1.05869425640157,0.528934877554761,1.21346686916382,-0.594980051813376,2.16142589351946,0.915064219456273,0.39467921216085,-0.517441896428033,1.10111381365418,1.07460253459485,-0.47851016647139,2.19544612591426,1.70657067944233,2.86073922364301,1.68189191272242,2.59964933065842,2.31396137898672,2.14509209967092,2.01225945723659,1.51007640448305,2.73907677370915,1.49695232965845,1.26642535769225,1.00675632154864,0.322336818335136,0.493811713960561,-0.404379885651553,0.988473577012666,0.755802076041381,1.55419028537314,2.37287907438601,0.9051778770528,-0.533869157788683,-0.0928646449113578,0.976000292721983,0.52936756940909,1.58469783722873,0.827743295068007,-0.914400469301144,1.30482358207863,0.609225413192727,2.21843455025296,0.988012191940856,0.55399441234058,0.506078845951322,0.907873939164566,0.365713514654769,1.43151135868479,0.188442422789027,-0.110752522840766,0.201519131642651,0.503218322874302,0.0443058648591352,0.829780611762537,1.83992712626105,0.758094560870442,0.472070957420867,2.11212058265483,0.0696805959013286,0.48504583178642,-0.590753446611139,0.597575185291751,-0.0203791154423921,0.570410885668113,0.114289131337389,1.24996003284451,0.956911173380418,0.0200161774712613,0.458054139334407,-0.380980787448214,0.546753723552918,-0.0119736895072419,-0.138694247183305,0.333650969208145,-0.259674016593522,0.243429223623032,0.365215211396209,-0.0642600202818499,0.696292344978248,-0.344278879380707,0.460279375699674,0.554920389990663,0.744540002692995,0.172933650818729,0.105151561615937,0.398627334329551,1.42582753949924,1.09985593194457,0.714023966224526,0.169514999790916,0.771854447376039,0.843293418277401,0.564141755567811,0.984613883643429,1.50805692494677,1.99448261454795,2.36691253638273,1.59002710152973,0.351772387503578,0.188723375016594,1.26869621224014,1.38585310397349,-0.683480171143282,0.803244064922378,0.961995503241091,0.911575636107405,1.41230174559996,1.73451360692151,0.515417092222618,2.22108778914108,0.0690615714929202,2.12414291137839,0.352607044934275,-1.00644346810293,0.545568709707684,0.0279430692598681,1.14681977000201,1.74975474225938,-0.155793589545732,0.537454808860893,1.27202415422804,1.05437867383978,0.73349611283544,0.278927940799709,0.453975029166415,0.202525297843993,-0.0335446747559221,0.71262107231024,1.40712638295183,1.0653504960149,1.25263987536858,1.41641987123992,0.436695685497575,0.263145539135871,0.305396361854867,0.491236522551489,-0.010690698349616,0.294818145327855,0.186686790237449,0.510011639975895,1.17206274181044,0.732565075644807,0.882642181715798,0.132770862149749,0.606904171347107,0.184914953584983,0.0551834073686547,1.4240052243309,2.41029702949361,1.40092935185346,3.92557198905778,3.85016106708747,0.407964597561863,1.84248851118217,1.20374768416095,1.68888674147066,2.42707056373954,0.184425730046313,1.08380138668119,0.682712238842962,0.50694465115601,-0.0161765514052451,1.83336592498379,0.754094337877678,0.902512178707572,0.713386538685052,-0.605687890089513,2.18461731270388,0.704161375030417,0.446337121871381,-0.115262609078411,0.645420065497989,0.49499113993878,2.75431232089786,0.810348440925216,1.177674806591,-0.244398877382766,-0.141674673014631,2.10692288323884,1.42224611055255,1.54247007604682,1.18451093100568,0.16373410908864,-0.67179056520792,0.824141659380109,0.650659332130254,1.22661170945047,0.204176669020969,2.28297135289289,2.483643213011,1.42801110622803,0.179147100977319,2.36897413919808,0.542449804652464,1.32295705058211,0.715983980659292,0.9810770767913,0.456902549323352,0.424508667953863,0.984354780463553,-0.60867638324533,1.75453719464816,1.43625502322771,1.10665395039396,1.4005362842699,1.48860636922827,2.51558422806721,-0.336285406818357,1.55717887269518,0.412137196829362,0.975530631180627,0.505239587777016,0.296929163908571,0.958735299291527,0.594756808444619,-0.0502945244927812,-0.308478264022391,1.57578251856769,-0.3832262477361,1.22787040551294,0.185054673562965,1.49688235983801,0.344209791451592,0.833522928685374,0.765872812572955,2.70836476423653,0.188970454754188,-0.242144245421227,-0.268980600313451,-0.0388491879162862,-0.211758703967614
"UPEC_Bs_1 (GE) - TPM",-0.332301841571588,-0.239611450461651,-0.459998452105196,-0.555845856041945,-0.223557385885877,0.268593787219541,-0.739680451842796,-0.386485140789837,-0.431595787013487,-0.518250016191958,0.736518098293021,0.247754836451524,-0.336002658338726,-0.366810157158331,-0.196774053292124,-0.0249651895723328,0.160752749342244,-0.467322310285193,0.00757273917156401,-0.288765667350647,0.304708131103587,-0.0137239919887004,-0.604630053737998,-0.249128000313131,-0.367250310935398,-0.194942363039809,0.0614668204252725,0.241467124357421,0.111332226213648,-0.582607325560214,-0.74311777268085,-0.73251145389803,0.315427981578005,-0.169491919821402,-0.124515514487783,-0.277018907798743,-0.395915134806539,1.3323088030543,-0.573067883605646,-0.328210660539869,-0.394894471919643,0.204193025493539,0.0929644611442236,-1.13490255173027,-0.145866216685136,-0.775343293140635,-0.140682650927181,0.301438279597523,-0.625350374894425,-0.253852789447625,-0.128223643276054,-0.127381749644219,-0.595996787637282,-0.206112741071546,-0.500744487757514,0.0347703014333289,-0.399027583333782,-0.472816465774323,-0.0565044020675859,0.211639954472972,0.465981511803379,-0.197446632344232,-0.438691615805597,0.266701977300945,0.214271688822737,-0.740007731149964,-0.383161228220045,-0.0978223319203779,-0.419109378492421,0.499080437862471,-0.61139735817645,-0.464430080642997,-0.220133425794885,-0.225644924418057,-0.336630720379983,-0.315491766192136,-0.108702568485075,0.264416145808842,0.981540054489412,-0.194518102095568,-0.235842928362897,-0.133277652471367,0.0548926773181202,-0.620813495845196,0.480596603964944,-0.243320543428035,-0.448363789058129,-0.577024498923219,0.500265075040647,0.160203262263624,-0.0198552127267901,0.0362377320153414,-0.556422857401678,-0.453327942828688,0.098804596946806,0.0923044071612216,0.267442789579723,-0.106594726626175,-0.140607672468402,-0.701976881650478,-0.136312777679319,-0.772783735030918,-0.580338822387049,-0.536283978506248,-0.412068068894011,-0.786702957998967,0.404344589520623,0.398818109180718,-0.400908767067558,-0.950555634508349,0.983194459740308,0.13509512629972,0.079279030481214,-0.147376089444359,0.0180120831675064,-0.390346935955298,0.500658656155555,0.593705591403538,0.0554616778557501,0.681474782507038,-0.0603831336533789,-0.0393213637492604,2.09978211566558,-0.0162756103421327,-0.540834561616623,0.254947659172329,-0.6473064608106,0.263276293754982,-0.517047064790465,-0.0743304356041242,1.08671712762315,0.145608113295487,0.0148365306440548,-0.208300613941516,0.0261013216361307,0.383205213872062,0.470762586711315,0.190841180345895,0.728997594195739,0.0980452999560949,0.469454568645844,0.366167925112518,0.315981226296788,0.114645726713175,-0.0516124646222346,-0.592157765230569,0.617407242211275,-0.135655932208333,0.0311421848260072,0.155697352954063,-0.408059843372899,0.103919292740596,0.516614677602225,-0.139754864909869,-0.526113328949724,-0.109528242677797,-0.603226089681184,-0.723736631211247,-0.6022004784288,-0.618437215484991,-0.238367141189408,-0.149437235636057,-0.24304457150678,-0.0335537448358647,-0.186348460768964,-0.0199502461416583,-0.433047383678766,-0.527508857744404,0.357643851994615,1.13178216278967,1.91446366861272,-1.02458472359256,-0.829973874228004,-1.14112661844142,-0.120132214084485,-0.00400651667197556,0.272957774285094,-0.44272739751235,-0.073862302389086,-0.367065213094523,-0.594052779981554,-0.248966719902103,-0.40969435427801,-0.574402113914212,-0.2947145585409,-0.290071088400546,0.248895375436717,0.801179275325842,-0.776969106018437,0.307371405825068,0.190990573579719,0.31517116362053,0.252759306205377,0.367693161310866,0.0462684333598526,-0.455597870931757,-0.172759941058275,0.282175898546753,-0.248750501949207,-0.261211135689385,-0.366313373966927,-0.464837605636209,-0.137596448313762,-0.563895479469899,-0.490059300742714,0.387147326012777,1.13021127436511,-0.16009172671705,-0.0791816305554792,-0.296552116419611,-0.761271639529036,-0.581546822673068,-0.554426401887705,-0.0870170436304564,-0.274967767415321,-0.816576518978398,-1.18479445755439,-0.00880288259631864,-0.125951617187463,-0.0816242622218513,-0.240352765181505,-0.254230477367001,-0.0885700414818699,0.376240174837218,-0.423744207247893,-0.13875464645928,-0.554252928596714,-0.314256820681465,1.46181235576819,-0.23964329481679,0.60772785298742,-0.0496090468881381,-0.375895181886171,0.039107725034242,-0.0992475139572661,0.526241189807957,-0.19769305539339,-0.408941552290006,-0.489636410613769,-0.140537316962052,-0.327515497221148,0.245677602391064,0.859675770151017,0.526638020428946,0.47276383065241,0.580964225668874,0.204271893230962,0.11930534794652,0.0285174032514639,0.0892982544363805,0.139235704248504,0.0339952654663897,0.0815828813168327,0.133957611532593,0.172167734086074,0.583124376431472,-0.306857387153206,-0.156989654565366,-0.606296136016248,0.507415818004525,1.57133806900354,-0.101559537242866,-0.278536712171859,-0.568217904939917,-0.689125549805476,-0.279516995980399,-0.654757477281967,-0.13495066464632,0.0514388587680029,-0.270358861974921,0.11356428635522,-0.291337002302964,0.746212483284035,-0.0459492519550395,1.49822957182471,-0.4361299505817,-0.52715711223669,0.861591699882615,-0.452059016872439,-0.603582902825798,-0.30225473102572,0.356018608446592,-0.276118339699302,0.356060713251898,0.191684840800659,-0.337283081099072,-0.246414342271684,-0.659456940391237,-0.599691771073634,-0.380919006425468,-0.0853181038275698,0.5097442637939,-0.749902489835633,0.814259438451825,-0.42204878582815,-0.0470882785461849,-0.144768392458492,-0.140573879488793,-0.293393621438131,0.0529883502144429,0.421541367967443,-0.0998017793326385,0.522964785820527,0.794032577638353,0.243474680722498,0.398433258929174,0.431321486804412,0.355865811235843,0.347578078565458,1.10256077582949,-0.0120316215410897,1.21166689948732,0.2802244410542,0.0414493926061571,-0.773779845418833,-0.0950863061990083,-0.199790823890572,0.703336080063228,0.262184904154118,-0.843811022232635,-0.394848285300916,-0.0428693965925008,-0.450170813538265,-0.5608249000378,-0.154740670717903,-0.134065459610246,-0.107868078495967,-0.105616361384623,-0.336117588480745,0.437485455068114,0.31037048412923,0.129414968167252,0.356144001341261,-0.440350455119952,-0.17180811102709,1.43378444076701,0.164606484823833,-0.22974142195736,0.6192732137397,-0.249767007759219,1.64447912597626,-0.587553225332968,0.886334298294205,0.375125605822096,-0.573246274384214,-0.572466496323773,-0.470250406043204,-0.162230179188589,0.359948488064328,-0.389928202168443
"UPEC_Bs_2 (GE) - TPM",-0.215282722358696,-0.0939083708807543,-0.449937956387673,-0.555996054911813,-0.242904010617981,0.0915219454116583,-0.7971047967315,-0.83481176432516,-0.356274527382087,-0.472395773685067,-0.0362062748373305,0.282084713484649,-0.256105162681004,-0.301159150330117,0.135739079546308,0.256780952371206,0.20985563176758,-0.361476093273763,0.337837599686237,-0.672117472215069,-0.4204409350038,0.0494967782381827,-0.581435581097802,-0.156254752579248,-0.23247110314696,0.00128018290828826,-0.393870958083552,0.0943224043461988,-0.0678951580472189,-0.736363915716519,-0.838331221093559,-0.645975047070123,-0.118975046505998,0.0377242463390561,-0.882069199943842,-0.0898034237800972,-0.41344075223002,0.38518567758071,-0.837325905241024,-0.324270399190027,-0.236052077692859,-0.168605373892727,-0.617254477125129,-1.21512957909877,0.234889090483103,-0.310158028193183,0.534676280855708,0.55248365830003,-0.0356144157939115,-0.0639829199123507,-0.0362382676033052,0.24559910732966,-0.4621960709882,0.0625934091890561,-0.739833536466963,-0.104053656330209,-0.295049572530345,-0.855483413573464,0.584546470397483,0.124956736799499,0.182255442432214,0.156843225572588,-0.400519299314316,0.459505795537016,0.371425375514069,-1.02590460142535,-0.325683864333802,0.110881653182766,-0.444143728362156,0.365168738341316,-0.628280123158289,-0.510596888721945,-0.124287744276625,-0.148877418686736,-0.486849988316843,0.50655039220565,-0.382659059306078,0.0555909012338491,1.48693009715033,-0.400514506790644,-0.391162228919316,-0.18005620408208,-0.490482538192646,0.210667541080291,0.429537377679328,-0.231019100462742,-0.235836443447779,-0.456101698569854,0.209829913251014,0.516310096996961,-0.338094077594866,-0.478319627602883,-0.865095754339993,-0.34518208366564,0.338491656108952,0.0295333786825602,0.151350646729585,-0.241143559931987,0.545498133688359,-0.715893993635745,-0.487658990160612,-0.81767152157244,-0.32964740418796,0.11997807528456,-0.412068068894011,-1.13445773583064,0.66790611695345,0.156923631332023,-0.203699216085648,-0.800414780621742,-0.080105437928285,0.292322469800653,0.269444209969076,-0.55706640615276,-0.146174692860662,0.0430295063778467,0.573503315460228,0.0803814061783321,0.246865317689568,0.133516034987879,0.139459877194969,0.0258528145921162,1.09952111581087,-0.03056957041769,-0.505039025628887,-0.34726189125511,-0.835449510849903,-0.208631924071296,-0.63479580587496,0.186200364941343,0.413524581509863,-0.122230811495269,-0.229707266862727,-0.371937817632369,-0.219166890776611,0.14210925259492,-0.0597235143387725,0.273731270752713,0.164890992180398,-0.171395208302149,0.0656806729280991,0.502713272948151,0.814311352940155,0.37483351291158,-0.297785003490722,0.500521359493805,0.719856485068352,-0.0649764114234017,-0.198905594626047,-0.790644116836165,-0.922964857019375,0.127345602876415,-0.197616960570097,0.351656151581309,-0.475435797049867,2.21337941624366e-05,-0.392993213453524,1.05049439401222,-0.666818965633399,-0.583381346957313,-0.289521056570617,-0.458683459193168,-0.263492754988315,0.100197660100416,0.0137484997164375,0.0264581528848599,-0.409076848819673,-0.377112900345705,0.333635873992539,0.860147350207256,1.39231730249429,-1.08493214889994,-0.492393199213663,-0.610148814339828,-0.142777132404651,0.211802964599073,-0.187517817353409,-0.318032459604456,-0.0913770127273922,-0.182582220343371,-0.605337484577224,0.170716596829729,-0.125398086937458,0.169766966363645,-0.423689538856093,-0.227786082236468,0.422427667734631,0.718261510780787,0.314274088692563,0.269607538734797,-0.100037771812261,0.614137102195055,0.117741967443083,0.552617616799415,0.191053577340218,-0.333794880271752,-0.245594404438273,0.0336064569478156,0.201498955816154,-0.213428230097998,-0.0668380088421985,-0.644207534272603,0.454663830010853,-0.5436014982211,-0.415640450867602,0.00548637377377179,0.398996933489469,-0.25539699418064,0.029247740550179,-0.274834734073994,-0.536645145476838,-0.318799308917347,-0.614163150720777,-0.323300418566002,-0.385628799018282,-0.502596863722171,-1.24198574168938,0.219594872319776,-0.192339525639764,-0.196870638870308,-0.450297634936284,-0.197961804238959,-0.226143222939469,-0.952449823122272,-0.576533905918712,-0.592871313690183,-0.990165589880412,-0.593390092908981,1.40971872233666,0.373251592251643,0.870290239345179,0.116985447851748,-0.0084679234440281,-0.594312100514683,-0.117561476092966,1.00882944149686,-0.0223392271531488,-0.258858953188175,-0.42573852865254,-1.1496264228396,-0.398476769244618,0.220794523654593,1.05713125717441,0.666359564954357,0.310597363455259,0.669976226661042,0.494158188178742,0.160610759483376,0.139336141266793,0.241198831544592,0.377111213623327,0.183573371206352,0.312358858069539,0.453756895199199,0.361640233887082,0.811829631965209,-0.278610003103293,-0.000975149444427884,-0.612847696284041,0.417653214235235,0.145759647806472,-0.184461201868147,-0.1013413899602,-0.991354134383152,-0.881481610884135,-0.375106109823945,-0.854402811064897,-0.554955613959164,0.254437568664296,-0.435917019656871,-0.322631239307422,-0.416594886248938,0.26794841562628,0.0135048298583181,1.40987048872795,-0.586327813753921,0.105817760561176,0.374111188180509,-0.421815129156213,-0.599022863719841,-0.127603407343713,-0.0127777067138031,-0.555442717579993,0.604763988030627,0.00624361382507167,-0.0429739259193028,-0.316488322087775,-0.757722349319519,-0.812040743894826,-0.482962351539547,-0.302727338134269,0.238199051396708,-0.816889806982845,0.320019744785979,-0.738883139710845,-0.00092169424084046,0.0469044640540449,-0.585915272438574,-0.388548077967564,-0.153670466300589,1.00625356549403,0.291101817655577,1.13621058992039,0.568319163872809,0.42614756813241,0.632376249920204,0.641429419752673,0.0799893900695841,0.0134713737874637,0.355374058141836,0.0465880992819426,0.558456720278118,-0.0867441383128768,-0.170355217639682,-0.909550520960156,-0.0490468999146785,-0.210113600519037,0.165549783054172,0.262052764640715,0.290255699841867,-0.171101736873093,-0.230578691688247,-0.846487869554199,-0.707851177798066,-0.835335040130095,-0.537815478565899,-0.406860048337016,-0.298257539201895,-0.120757234805128,0.172327121101339,0.651065267640369,0.237171953701337,0.00240816933492482,-0.37972514990585,-0.276907559762497,0.433419334138585,0.20211931498626,0.0605056703239721,0.48370518960262,-0.422144579327279,-0.346938996312695,0.0869669897085309,1.05001646277303,0.0770182298157531,-0.792672693936232,-0.500597057432742,0.167032137132441,-0.0829989981906394,0.144403320180115,-0.399803284212551
"UPEC_Bs_3 (GE) - TPM",0.128847879857987,-0.308016492410693,-0.501738774175118,-0.486220823484807,-0.497484366491933,-0.144700883668567,-0.859513803479665,-0.812076055993407,-0.421139198826249,-0.265064185792465,0.164147523734602,0.387345769403539,-0.471038668894997,-0.449441362055668,-0.0748855171424816,0.19528835882308,0.279956349116115,-0.27974946463792,-0.0633806405985398,-0.272816188004545,-0.341618678394952,-0.417682782089374,-0.588705704747821,0.0381644693409335,-0.00949002228317539,-0.0505329678470793,0.376688748798221,0.125120674177537,-0.045539201715936,-0.774477698042417,-0.927695498778233,-0.665672980736792,-0.460127432827047,-0.167279045259178,-0.541049697503717,-0.0613268068322339,-0.274701198184636,0.729960413261594,-0.669888974952907,-0.146281131394831,-0.432232052301231,-0.161976533470381,-0.332932085962831,-1.20473380847562,0.0595883684321003,-0.774151342258601,0.326303825773348,0.548723460385024,-0.483846032443181,-0.462634962094094,-0.189330976904801,-0.199086039080919,-0.605719184639632,0.197826173610653,-0.613036205356005,-0.630141680624266,-0.290612013839121,-0.440460819232751,0.267321572492252,-0.222719080715899,0.0767022306082147,0.547256535965522,-0.488100112097603,0.139870449958378,0.323643033483481,-0.859127328589413,-0.461721430887101,0.0443840412094443,-0.616934480231107,0.155983764476759,-0.663719408949339,-0.59037391972465,-0.30969022420274,-0.462667118536124,-0.298669992991734,-0.226721843235638,-0.0265041726704203,0.513429082759901,1.47655542371373,0.133069526037702,-0.0871117057893801,-0.20254755233569,-0.0457317509118209,-0.404236779678815,0.429756103660649,-0.0476394677648857,-0.249232392702918,-0.273550863411555,0.21389531566738,-0.0287181719160209,0.0545436721484542,-0.49965756690257,-0.974468144804403,-0.499971796072608,-0.213213006459447,-0.00176842549812872,0.471998224190749,-0.132931131427514,0.0730769307461107,-0.87514558012798,0.290835511094668,-0.79737437829728,0.142651762561085,0.0905470857444694,-0.412068068894011,-1.03361609906326,-0.0282329315468554,-0.28671434282642,-0.170265427929182,-1.02482357756602,0.112052541451362,0.105764489048596,0.460894147942412,-0.307307260114941,-0.0659025486616421,0.211244343666856,-0.507468700027143,0.0940581284647029,0.0204899185189159,0.44542817644009,-0.0178492735456133,-0.161702560572978,1.04007176354137,0.152163787762169,-0.611816359184865,-0.213778595397515,-0.952926889956144,-0.0462292692212836,-0.79776547685305,0.272108762548061,1.69524458756534,0.539109480948155,-0.0047786549833149,0.256513032564029,0.176108953603731,0.442432283321218,0.740796673007419,0.379430793003338,1.03795831515716,0.162852828054036,0.242972506007927,0.864274993797156,0.427802089385849,-0.103645927462002,-0.416795042865673,0.757366605471941,0.628502605733141,0.0407047236408787,0.132127861893947,-0.306167600362407,-0.579210420097422,0.51158087446074,-0.047914001350506,0.165713508178962,-0.447825824003328,0.0139878125134695,-0.802047957968972,1.06229427317042,-0.664802922435326,-0.632556561516315,-0.355610337206082,-0.383669337217308,-0.139463253404339,0.0554713402061427,-0.161948207652338,-0.494071491479806,-0.368920957834394,-0.434451163547029,0.0505524807840511,0.966717576209951,0.52873796188873,-0.597697060101053,-0.749977792382395,-0.816187008229017,0.208654664136841,-0.129529259031702,0.0528453506413788,-0.308858217339087,0.0219497203187475,-0.329195080431155,-0.583816022637892,-0.705594014576511,-0.47221722122932,-0.0467534838817613,-0.300570226331575,0.363394883844615,0.156845051576332,0.60063390463607,0.400530596018488,0.0347236391642115,0.334781106269401,0.317171468813075,0.549712201713948,0.0190472769898713,-0.281744695723828,-0.442326931474333,-0.537593332192453,-0.0452485647070437,0.0856636248422742,-0.133503320178943,-0.277782149235352,-0.58505585866645,-0.35554455866202,-0.430728137564729,-0.456165634554128,-0.269418368396944,0.576099739858168,-0.153048868348609,-0.0409214391691064,-0.483755072377833,-0.646212528772315,-0.557652923064785,-0.526532337354391,-0.200866027762281,-0.296360890334233,-0.689170365082795,-1.24781589155869,-0.0852113880222163,0.266908889404069,0.0510771097622717,-0.619044973751394,-0.128331535340926,-0.244337264313598,-0.335693558727061,-0.384988101390839,-0.417130594989389,-0.627491136233119,-0.506049547937994,0.791030386591701,0.0129545056023514,0.22898893004725,0.407595461028647,0.00733940862207925,0.460675000452305,-0.0967928444632973,-0.350477155766767,-0.400084150770841,-0.499578959440008,-0.479232292578098,-0.429733449843713,-0.028223114076469,0.333359890745461,0.517327081112788,0.810310766407667,0.0432937594035406,0.714420755507474,0.299863014769642,0.134789054875456,0.254104756369137,0.187567182297464,0.17050099999099,0.407916931158359,0.113275973563205,0.406891490970804,0.163027606034268,0.553236160705943,-0.363976329580107,-0.0251115992077503,-0.317199884768548,0.180590189420355,1.06226867534006,-0.0190661995341853,-0.0533568941181056,-0.756037718490014,-0.632083330769602,-0.489171208890267,-0.696822027781204,-0.390753828714662,-0.327873761454946,-0.12026458858615,-0.334347709884544,-0.305924587104591,-0.155709613007979,-0.00844797799968801,1.07539961339884,-0.516492481560999,-0.264416464527541,0.392930248394537,-0.362914042681735,-0.367908318880248,-0.608986171107493,0.247858162720164,-0.602735949187194,0.404121654365042,-0.130316673251081,-0.231350614139915,-0.00952855090539481,-0.559084504872043,-0.468722914201058,-0.228508616377571,0.105529462441744,0.0458018813880839,-0.744516608800933,0.661811044115303,0.587338349546577,0.158273066163995,0.077206364830887,-0.406827881866888,-0.315984671373796,-0.39243945153144,0.763603543789164,0.204236634148434,0.398878993869173,0.349206275456065,-0.248310408295025,0.791140026747472,0.259912904797955,0.407358408289739,-0.457676078848502,0.712235792039311,-0.566183692801665,0.351513105727092,0.0606761144774814,0.751530394816911,-0.880918571214086,0.0568083495400279,-0.179580830010153,0.405971626031194,0.230290811462571,-0.448216226009881,-0.156984155404519,-0.604915088898671,-0.561183161158873,-0.654905832783889,-0.680883589378323,-0.410182117639701,-0.0249207715948948,-0.0784093203384501,-0.0615273691649456,0.267455090918745,0.355861013904106,-0.13635854933954,-0.113761235720949,-0.267494109725764,-0.414748376919427,1.52627484137686,0.35277876451484,-0.329660340919408,0.452074338084837,-0.386016765062021,0.504633956926481,-0.279122849995736,0.286299384699306,0.255383887936756,-0.780438778990697,-0.923728437451528,-0.73049246696284,-0.321061332330813,0.217236925202908,-0.398478513844998
"UPEC_Ctrl_1 (GE) - TPM",-0.210530047994168,0.176775627072051,-0.232604000015365,-0.327763066478492,-0.210987735731695,0.712457151769429,-0.792240316864785,-0.375327974842457,-0.103603174971996,-0.149042247537027,0.724905895372951,0.225250743333855,-0.587393562625923,-0.563644516173329,-0.0551111940871114,0.21120490977462,0.364791254302705,-0.225239734051148,0.727608757598943,-0.478722611482943,-0.0646682435323976,0.290928243323702,0.617447417807534,-0.550582661872446,-0.190810797718172,0.135780220559693,0.783859049096243,0.206552069440879,-0.289703388767398,-0.963685484464707,-0.989970730929536,-0.842753360599526,0.161904178949206,-0.33817653432335,0.091636093193675,-0.147325319058767,-0.189216517973673,0.161424821279243,-0.634637618356627,0.0390224766390401,-0.286822326416629,-0.0013448107438388,-0.186850796182212,-1.37933279557809,-0.0506918275321472,-0.0065499961902915,-0.131342986452246,0.682158852991923,-0.494618973012561,-0.454235372373458,0.146133581444027,0.283759937089505,-0.789379475468609,-0.184347195189253,-0.614722084322549,-0.514118838233996,-0.272719355078293,-0.679889805595029,0.530719555787093,0.0406835586420501,0.146696277695421,0.332883351315147,-0.0703621997016241,0.290530815748576,0.118564344115169,0.339118614784849,-0.469885186485154,-0.223678843540617,-0.674582486772491,0.831665841461731,-0.579888076699869,-0.543226931682075,-0.548431631567175,-0.335915493227663,-0.454412498253162,-0.352742660037718,-0.258724943214123,1.10899585189283,1.44796045460227,-0.0708572009946244,-0.201858651883407,-0.0781371338910829,0.512757428916973,-0.359910370332839,0.455627852017061,-0.390866060603818,-0.521588786254687,-0.126473138451723,0.417287590014962,0.432524534763546,-0.206963935275319,0.227868175973717,-1.16497126430659,-0.309848581887586,0.312186806080018,-0.108480117910139,0.633442479570012,0.122122811741893,0.39419600538418,-0.525495927273286,-0.16668918038393,-0.792354144894858,-0.293104435238308,-0.783489966399517,2.18649478417304,-1.09805779961126,-0.29384475586642,1.34824793828296,-0.337406842000532,-0.774312829010668,0.235130812428577,0.582298592513283,0.347176839379782,-0.174288505813768,0.388079881185925,0.737035288310772,-0.4792783161644,-0.0774132822998913,0.159631668422868,0.826962395003506,0.136194678620586,-0.218381023985125,0.770951132887317,-0.225415802309873,-0.567490127646968,1.36730963353058,-0.443048602175563,0.363791095715691,-0.844668029284074,0.255881812119328,0.374848720819758,0.283280409102647,-0.0400672303900408,0.906744211957206,0.308607072847275,0.534476306175104,0.638401096927308,0.958601482657088,0.816610669273257,0.0653794153905371,0.742116765987301,1.07090514419312,0.579471787888889,-0.224340955233612,-0.355970805358673,0.216333406763599,0.412127157722023,-0.0691469336121439,-0.228216530376638,-0.689739515446036,-0.266949384693856,0.370810831982608,1.13861131897382,0.0792383663718684,-0.305888812332094,-0.448857314412793,-0.363926805540682,-0.696690590329687,-0.599044771605835,-0.493674469187185,-0.418687234664177,-0.374157266910238,-0.152803650718449,0.226476638874593,-0.400777211276611,-0.443948708068386,-0.662602625423524,-0.359703638671457,0.926385499232582,1.31429799952936,0.988072366901665,-0.195576595391867,-0.994350726790107,0.134247240816818,0.159346587159388,-0.245188730142224,0.222295089643843,-0.290444909654412,-0.285236669515941,-0.0379585743635606,0.536007790903281,0.217103300446916,-0.377843177914052,-0.0914434790769879,-0.244191809787319,0.592758128548691,0.279083065544539,0.658024110161871,1.12102577365924,-0.589844937046518,-0.0356500956015811,0.592222375032532,0.205389723537054,0.596086860879876,-0.41857119776281,-0.343415083227375,-0.101922623675741,-0.397683902353952,0.0854864599066783,0.0062110294355651,-0.0565084146709345,-0.665016336318984,-0.111052171822806,-0.454042795791568,-0.439465357011281,0.418189644391911,0.441088887620727,0.266310883589114,-0.12283071017491,0.0652307768673027,-0.0646015534975043,-0.0454439537695091,-0.278835124588174,0.169967163356938,-0.142964696799954,-0.620884845702576,0.393536423827431,0.168046905394171,0.012337885944607,0.0219806706170477,-0.503907813769297,0.853301415305161,0.289164389019285,0.364626164204138,-0.477504719579519,-0.493154953722684,-0.90496566076099,0.365780358155271,1.3935813382405,0.59243538705937,-0.345645828003234,0.017029782761176,-0.239629527150861,-0.166411846987369,-0.282356073076675,0.348527131017561,-0.414913686014254,-0.13118465961656,-0.218389796355147,-0.238149306800949,-0.831137082543761,-0.114378249379719,0.610566982529098,-0.150333003674566,-0.0172028290433422,0.102144274115524,-0.0875377088242787,-0.292504076123486,-0.283598658191842,-0.178416235191646,-0.130556134818017,0.00981645156710508,-0.0632003104760866,0.163830288710863,-0.226281417550388,0.149375827886588,-0.536799255397347,-0.379588000731398,-0.20200342217446,0.749420416433116,0.0741842897422295,-0.0324484020157666,0.357636999185832,-0.941416553798182,-0.535589944776991,0.116383186729638,-0.857513613732833,-0.476514135922346,0.0680052722722729,-0.285677282379486,-0.164568102961786,-0.397917664916029,0.0984787712117051,-0.0714332478110461,0.925187771720185,-0.500231653477691,0.457035125672287,0.474870051770062,-0.446626893683507,-0.151830793318453,0.316221546181563,1.1375253003476,-0.319094662360967,1.15216433986498,0.245280300763733,-0.232665294053624,-0.220980612515371,-0.817525403873941,0.183189978676723,-0.214563672723303,-0.326114795313308,0.459425073283275,-0.808847750004374,0.619807309748922,-0.100051158991555,-0.0243397982112556,-0.221258109299538,-0.425388875470903,-0.360319412808655,-0.0618708383276004,0.334189944245188,0.108256890000546,2.12000113604141,-0.0505981834658814,0.321652845512433,0.458356512217841,0.187475070772938,-0.0345838892331255,-0.114516726188837,0.377460890980757,0.135278488890918,0.902756404767958,0.436301271985308,-0.193490193141264,-0.784214457660392,0.0691873402151343,-0.114016292461618,-0.0132280825422898,-0.0351481332469745,-0.545380426354786,0.299182805702988,-0.473020989178499,-0.605645232672904,-0.733517878485826,-0.572437290711179,-0.81771866463726,0.346353833264313,-0.440432483619428,-0.284910298252869,-0.0296236432613446,-0.169040607624927,0.274569837693545,-0.424694027747253,-0.0845653017753182,-0.113095576696877,0.0245612675972524,0.347982801888906,0.167360858109394,1.74539077676269,-0.266173807655492,1.13366043216048,-0.256674376985517,0.805442575528221,0.476093443793635,-0.68919800261985,-0.242824822674582,-0.943861120229747,0.745441949586996,0.480075536792928,-0.207781869897133
"UPEC_Ctrl_2 (GE) - TPM",0.244075322488581,0.0976956923288961,-0.323466852676575,-0.308938378105393,-0.201237714839052,-0.0310277157625753,-0.881949384828881,-0.709440219065082,0.52584885257212,0.883297590773103,0.308557473681495,0.581355199105781,-0.325167024781718,-0.243822794925542,-0.142730440313191,-0.144791513211123,0.784712922449767,-0.300865793976048,0.0595112406876063,-1.03991562824191,-0.571235073481646,-0.68265054810014,0.734874971710135,-0.593379646863357,-0.426436926205396,0.151538655673291,-0.388900964698121,0.139772773021525,-0.0121516146324641,-0.954970200881887,-1.03806675499908,-0.808996488267241,-0.00190214815269752,-0.180821421979919,-0.496843909595641,0.250914775257198,-0.17614564216909,1.09410732387941,-0.640652657879355,0.0259357178617612,-0.471976525601807,-0.234312654850351,-0.0641735547723998,-1.37517702888624,0.0612434574193368,-0.311218588841137,-0.495201644127244,1.2482972702083,0.509532625948984,-0.140219816833072,-0.00223404578394625,0.853245025501297,-1.02050138601826,-0.394665347950699,-0.665799990040604,-0.0387838848428727,-0.299239561210535,-0.491343871989733,-0.409126185100509,-0.288324536172647,0.0337842726583742,-0.205790993230016,-0.681530536261957,0.45434146630805,0.466920168364184,-0.349296636789324,-0.790466336102266,0.151754612859596,0.0856248527509821,1.49595215974736,-0.577891519112548,-0.596205695662843,-0.616964039200668,-1.07185458840944,-0.605831126044809,-0.518753444143573,-0.134951878353371,0.817028977775114,0.776046167378065,-0.169860363481202,-0.124335637379457,-0.0442501807124294,0.785190013858938,-0.307900497205451,0.49057237969951,-0.449329401558447,-0.481075928626934,-0.509399467010559,0.224917922841779,0.869637029327699,-0.266709949862819,-0.199721040162791,-0.812880422050783,-0.765013268873174,-0.325229813572407,-0.0958028335315057,0.267662151914052,-0.0143287621152275,1.54187868750878,-0.835557679629509,-0.401104376336772,1.80874041446506,-0.0440568204191671,-0.455123414816369,-0.412068068894011,-1.0613118896928,-1.09151301653287,0.284954290207263,0.32587682744238,-0.820662904200803,-0.423047235254711,0.320136449156354,0.330819906372568,0.196394070841105,-0.131132610894685,0.047460622790353,-0.210284676345359,0.629295172160755,-0.0144900247889766,1.75318817865498,-0.0533651796584715,-0.440282752097381,0.198722069559466,-0.982639359096488,-0.594935786667919,-0.202472147788102,-0.391429464235663,0.331304857720252,-0.841473005446489,0.529478579482655,-0.270329612405293,0.170635552737743,0.615775260519658,-0.60047170260442,0.148495155421295,0.51218960765891,0.496789405477785,1.47838387665601,0.490182867783038,-0.253443506515773,-0.27875840462,0.664203894905004,2.03837805326987,-0.742350540456433,-0.257982573725461,0.442525023385786,-0.484991027980073,-0.270822917377855,-0.50045919760314,-0.940691467071625,-0.117192737869581,-1.25335317920707,-1.59829808224365,0.170001483810461,-0.859908014596711,0.17190281614757,-0.346135409467831,0.640952664419669,-0.487415393939952,-0.450212602831866,-0.679567590882135,-0.413197446270136,-0.0150009632086663,0.480991340001885,0.254911147881272,-0.900524592710249,-0.533882180310446,-0.258280103074427,0.0635048727452165,0.838167440768876,0.933102974998414,-1.18505439251696,-1.03506693255052,-0.888981212316088,-0.176876202630212,-0.290449973668539,1.78983256541065,-0.139806323114214,0.0938645516909779,0.346949176902855,0.656926547838005,-0.361674624597894,-0.606865254570638,0.326679912089229,-0.484247755399528,0.622217618436961,0.239461061295292,0.897307407898849,0.0489628866002659,0.235707508873497,1.51328915842393,0.700365726865956,-0.0639266535527345,0.24478335050949,-0.164213112971203,-0.0305679147388538,-0.129739584359361,-0.327013343038688,0.0637434716379324,-0.106620746921503,0.491420968936452,-0.688533292938269,-0.545925245135244,-0.615881617051495,-0.0851294893043419,-0.444313958409245,-0.691528991225547,-0.235349863183115,-0.0520474738638811,0.173632597788056,-0.157630660348763,-0.0113463596121651,-0.338309569468676,-0.440994713552278,-0.449066185285679,-0.891077838797288,0.147734548487032,0.4754330471009,0.147502584552326,-0.572420902404144,-0.816695179656374,0.0810511652932272,-0.105654495117773,0.0917730984400554,-0.695338028452227,0.0621015498887279,-0.920446999840699,-0.862883158720925,0.889245966081822,0.820624039148082,0.0736862720568262,0.730569840397785,-0.19868627354897,-0.0767494562210298,-0.470554373980542,1.69108338968392,-0.512809619311519,-0.0273172683278448,-0.580988978974608,-1.32757035370576,-0.861552989091321,0.410865892626505,0.17354414155823,0.573437529312866,-0.107414478160224,-0.00868123747035229,-0.148998305345268,-0.262042288310814,-0.0470484321640337,0.207822504523694,-0.063936515204568,0.135766391436297,-0.0337753829303383,0.250170892483948,-0.132274155245609,0.349257616460004,0.318381352804787,-0.206291577672484,0.0859661706991364,0.657986853362349,0.151670990934237,0.0140219418384189,0.414931985775242,-0.513243141386894,-1.04024684653461,-0.471672227817028,-0.868638659364568,-0.66066096236575,-0.632213789948341,-0.789405444220127,-0.492834369580485,-0.719138500774263,0.635260055915178,-0.0725519878687768,1.29987992607912,-0.72851125426369,0.959122064303868,-0.00723579126137688,-0.610173804348513,-0.218784336565027,0.431554433109537,0.0444070465128368,0.024729402655956,0.274416667972189,0.135891808627295,-0.356239629192822,-0.297834954637305,-0.898683848946857,-0.585702385276476,-0.085254908999647,-0.448263651007547,-0.325171961660054,-0.805650626133553,0.0488947110770553,-0.44648684737121,0.70959450028522,-0.0977893975316301,-0.567392331376615,-0.338672726433791,0.842750324314113,-0.0112231490636393,0.25376179028903,0.19511199627098,-0.417339135532199,2.13991362627025,0.865431105109343,0.0714536380766693,-0.352853874335116,-0.560571030021164,-0.21997257243999,0.207505240936421,0.574300713415138,-0.010401321743293,-0.0728707418864675,-0.976000510888926,0.346291091900009,0.396392717331499,-0.370024138814233,-0.0827280070651261,-1.25009345457395,0.436066286271588,-0.66051200221221,-0.746977926054871,-0.730188823404777,-0.680247862802449,-0.242088316381773,0.437401869004533,-0.459461493129521,0.123262982972215,-0.127737982258926,-0.111053989890438,0.249308635239557,2.1328889526359,0.0987320332751167,-0.25468339901057,0.610278003827539,0.207373141124298,-0.174731104894531,1.54974491022612,-0.500763727635597,-0.478232986780493,-0.226149188408953,-0.0291154188410362,0.586390579629042,-0.816843540146288,0.0252037412836687,-1.12412505478573,1.32671744446551,0.138954919573283,-0.0869822462688444
"UPEC_Ctrl_3 (GE) - TPM",-0.321890842089038,-0.429502116011226,-1.08929572954513,-0.257262377454221,-0.131273506069261,0.356187385607294,-0.858786064909878,-0.194299321017136,-0.816385963195772,-0.370051247185357,-0.0366089051877108,0.169796325466544,-0.506123827183225,-0.312760221748712,-0.312550844536257,-0.121943105634908,0.332404759356499,-0.320916617733098,0.205533636878715,-0.718933070991275,-0.499486874263981,-0.23558661253683,-0.554620928402433,-0.579444040919956,-0.630914651097152,0.298178307482107,-0.784343461315825,-0.132372778722316,-0.268377395645044,-0.904109610854899,-0.960732116624752,-0.799407210178122,-0.436665243070287,-0.161724953541482,-0.64825409303217,0.257588274826816,-0.33556686499464,0.161551223811217,-0.628666251845061,0.0504829377789104,-0.540103500993938,0.150089068302655,-0.389459689582448,-1.13519474145017,0.0515613166620328,-0.321474898975584,-0.381528949326452,0.687070230143118,-0.363057277385353,-0.712798561520574,-0.323510817650773,0.0998606877538064,-0.742513231880821,-0.271931154631096,-0.83633528290321,-0.0318932686226364,-0.515982528834287,-0.823636471463029,0.388026622104276,-0.0785212411314509,-0.206032611306428,-0.275774171721394,-0.655634292664306,0.0487452631482787,0.317455185195322,-0.114728324123571,-0.657209994356065,-0.259244207269253,-0.0623903538088668,0.913786391268228,-0.638519455011925,-0.686225624763589,-0.616964039200668,-0.573131672487007,-0.878979581563703,-0.366221150908062,-0.232757613440803,1.06604522239717,1.63292087743299,-0.222881386183429,-0.427129266394013,-0.17341674790121,0.60131249543315,-0.465929979022229,-0.302152933589039,-0.0910737827437901,-0.243454898155238,-0.326756326026297,0.323007507775742,0.0876158889283861,-0.444206081794275,-0.750831073900572,-0.828789691869322,-0.640211472069997,-0.175829463436081,0.135062324952411,0.364171166675947,-0.218603633326999,0.55046971853798,-0.755869449212567,-1.04326391503291,-0.804896713063149,-0.568979718768779,-0.569059634130548,-0.412068068894011,-1.29545773836106,-0.523746929263052,-0.411814418333115,-0.399889204362841,-1.07944577124504,-0.166901749939468,-0.241323888933991,0.258645679372336,-0.357665701989655,0.125727749656375,0.245150019829906,-0.563249837853258,0.0941266457845286,0.0341307069621545,1.029807021223,0.00469793136880677,-0.104424655155246,-0.481218948158731,-0.143971850643807,-0.528764976781744,0.847884227633565,-0.990700707066623,0.158283892656603,-0.631357671147071,0.31045643424213,0.629248514103042,0.456158658123441,0.583908027681464,-0.245950550106135,0.3851986761719,0.601703888890384,1.08270371871297,0.519857231132983,0.459563059875312,0.520170569722527,0.0729778446721115,1.4794649102273,1.030669319062,-0.101866332626602,0.0375237666976974,0.0887265920734379,0.0275255603126214,-0.0866819062731119,0.0516365103288233,-0.814016263108848,-0.990283717722366,-0.79326723261971,0.56328739501148,-0.49659765086083,-0.833211715119394,-0.121037832319908,-0.523050284974302,1.11696593986721,-0.69406615428649,-0.639514012235224,-0.433573249342278,-0.416115316714884,0.0246546279374053,0.288049643761477,0.0847697446286975,-0.544295408513906,-0.678531775768037,-0.411339915353754,0.239424047021709,1.05166183797951,0.169711093944491,-0.620340215842117,-0.682684577465646,-0.622383900175908,-0.441853430163679,-0.385280825934091,0.889639605689877,-0.265532620099687,0.695459020454327,0.255226932467268,0.275321363504505,-0.263277042334622,0.0716799173636903,-0.233431977912499,-0.445117611370313,0.428470604848358,0.399406538490657,0.701086547861754,0.371738443835734,0.545527072633748,-0.251913816166996,0.660964619019377,0.309654238030421,0.229682931036521,-1.08667919717201,-0.277878919262776,0.0914812016672126,-0.443688424831203,0.267411615767124,-0.0405676104440758,-0.175168508271067,-0.720774054078114,0.338291963870967,-0.578215406761224,-0.265983441488988,-0.560731471279747,0.30646675888903,-0.619082940065063,-0.186845926022204,-0.359397992360342,-0.0669794463403619,0.0970823891095688,-0.0094630770657982,0.105691725673227,-0.221968927399148,-0.0558889250305536,0.0774611187020945,-0.590008903753718,0.0730117500313803,-0.742733795643979,-0.211532961317615,-0.0805387243218335,-0.766220027426545,-0.536509859878155,-0.224485188864098,-0.573760091371193,-0.871621590426591,-0.844301131022892,0.432287762070793,0.00993319978185893,0.204653477609667,-0.0774957932832839,-0.130616138964921,-0.34229632737451,-0.392542282834435,0.415821017937155,-0.427767114186812,-0.075312430490088,-0.409884321085259,-1.25383130843944,0.131107478490424,0.191685339092658,0.160523757400484,0.436176506116492,-0.15668706778366,0.263827525382993,0.168701974549341,-0.304405368255191,-0.0102863728851502,0.166404577990913,0.219602489359132,0.109378981698369,0.284735329466033,0.155655904754057,0.0118844207920593,0.306006150824103,-0.342666786106072,-0.186797642800243,-0.620213752262123,0.274146344534142,-0.171857016372445,-0.129527879543507,1.49794124418926,-0.727203363390162,-0.985543922526636,-0.520616112374156,-0.845114070258305,-0.636289169904304,1.53464873835398,-0.292139081801177,-0.327991625065507,-0.417976227299367,-0.0217518436660797,-0.360118541267275,0.597296501368487,-0.657491780789533,-0.303070579473351,-0.0675624473810934,-0.276393043301334,-0.226392742259055,0.369039493967539,1.53453290455624,-0.540006461415844,0.584710279268586,-0.264523173410528,-0.588576335906959,-0.136254751814644,-0.727877824250499,-0.55910912657469,0.0503251536076622,-0.379522711383905,-0.0251384826399735,-0.821939891303496,0.0189410617695305,0.255436784059651,0.239180139487945,0.0177696680867637,-0.498389513867727,-0.397315022524031,0.112286061597588,0.437607308232884,-0.149722838135193,1.89173994789456,-0.609597891198304,-0.33686258051787,0.235425797229807,0.0752348708587334,-0.46684657080516,-0.183144739486945,-0.618465206297862,-0.169775372859529,0.225701977046449,-0.18140909896825,0.0457666560119388,-0.972027770310967,0.281289374143133,-0.0581138238144107,-0.128714106234414,-0.142797858006847,0.149595861993519,-0.847201471856255,0.109004976490932,-0.655104803003334,-0.417822392980635,-0.586084601732518,-0.572586933219107,0.631390434682566,-0.402834080346112,-0.199845500529121,0.136294388673152,0.155925703894615,0.292879873778882,-1.40027936565973,0.0360615281859356,-0.357479299383094,0.481157595455868,0.530237876386774,0.297699515602976,0.703094470736934,-0.613577247607572,-0.149325301949508,0.140097891634625,0.052885747462105,0.537085978424678,-0.811129831719747,-0.187731311191439,0.291621307474304,0.321251908938207,0.451219656811505,-0.151975801393936
"UPEC_Li_1 (GE) - TPM",1.62727412253957,-0.101859194371154,-0.256956538997173,1.64843289614212,0.152315260907798,0.144629885030483,1.81007356256793,1.28109435398943,1.36199092564477,1.5206016601542,-0.161344559351805,0.296160802813996,-0.255759288189321,0.042211608578435,1.00969691447326,0.474197010645728,1.34971677885717,0.619975390427022,-0.254504878053039,-0.867543507186738,1.2919713842815,-0.100937607397414,0.849466270724408,0.234869932572158,-0.121214092206201,0.414950155536655,-0.48932167965696,0.0800204849415966,0.602748020740706,0.848003852502099,1.11192894043715,0.202876685657926,-0.712056515184251,-0.0440632445343339,0.982098334808854,1.5775121393807,0.113967929610582,-0.298616833832218,2.14770051013258,-0.00545936251483669,-0.413020630137145,0.550536389414169,-1.17309827687529,0.0656410959754046,-0.231391940661351,0.489358614958734,-0.0156567006106505,0.376741558945221,-0.498624239436917,-0.11652822642721,0.863442969558994,1.61946600840893,0.465058277738179,-1.01375999256207,0.65008546410047,0.229384220145527,-0.0582861865583178,1.88979306446189,-0.337783634428273,0.64114978289918,0.287333349395136,0.844048562121255,-0.537582087746158,0.234736549574948,0.40289698285996,1.31949124649348,0.416037830679761,-0.267580685753915,1.91336933391735,-0.607116546008233,1.25266575327264,0.835213030301534,1.69991287365052,-0.314989521942021,1.60374393306149,0.115115265891205,-0.229347885203201,0.107340348109127,0.51178352231237,-0.0587961261790425,0.315112389991239,-0.152722645913793,1.01760303528548,0.0107010078017839,0.955764606010555,1.11283048725137,0.272297708339792,1.09641340995488,0.501218020109692,-0.395459604036193,0.405874196836144,-0.550018996390161,-0.0331646430610517,-0.62575732242457,-0.262476601442165,0.714058692240955,0.501653256034053,-1.12801919955881,0.0407732258111272,1.13826769982389,0.303523097248776,0.739223038203491,-0.0709609889411314,1.51025129328517,-0.412068068894011,2.09660278334189,-0.800430451594914,-1.09619666967202,-0.296826593874974,1.59089201855987,0.460368220152975,0.515609703090967,0.616471540622345,1.49758027644226,0.742264260085662,0.981008579448058,0.711127036673486,0.950864555762254,0.475949795701266,-1.02380303914004,-0.244100772712892,-0.481603274567675,-0.634836863867482,0.318848623538034,0.796466285729963,-1.15019188873776,0.482705595445806,1.02876393960686,-0.204076499636669,1.18209009145566,0.0953529433805262,0.0849328951742706,-0.152974648534509,-0.169441755569246,0.201539061590311,0.167458436401757,0.446682716343909,0.257993328771154,0.0174076702078141,-0.199450210050608,-0.243626058921421,0.108232862180447,-0.161828204999572,-0.3921032662836,-0.750365332646143,0.111835577030638,0.121600846027083,1.81341834792643,0.832655411183596,-0.412370671146061,0.404750917545389,-0.719584811184547,0.532017311008089,-0.215348911596899,0.51013097475419,-0.889284608846976,0.0987718502915398,-0.884914857411232,0.893718536508167,0.880253158738267,0.622621163558324,1.9144623046731,1.51908423966102,0.0503795976429771,-0.493325765186311,0.238573051619023,-0.00185735453087727,0.595089897068355,0.366039757715697,0.169781888425838,-0.476906803302156,-1.24176623074165,0.695673375003885,1.81000161056838,0.485460754830864,1.84155561796714,1.15369037049899,1.18265915972161,1.35799174778244,0.970967824370565,1.35585609459252,0.636553075352515,0.908755494388707,3.19391679125089,1.10070135256595,1.22547374367295,0.391879460329159,-0.549752890713797,1.25669028051064,0.235248802111958,0.693503779780592,1.10919174156678,0.0280082228942309,0.261602415806059,-0.135351044784004,1.25897575872816,-0.803763057561619,-0.29746497067265,0.432716633142592,1.47093652223619,0.321980440915427,1.19252651271104,0.42786637925676,-0.551139744581719,-0.2096002006639,0.850367457059669,-0.0588489828785006,0.141599449860036,0.354901088936306,-0.092162139892748,-0.200033179559709,-0.414856754899262,0.112051325965481,0.286078104335946,-0.124832320013095,-0.282116396026822,-0.217602264308614,0.113109068444885,0.331026286436646,-0.800137526671653,1.78084663213709,1.27661502408438,0.906278549988761,0.259084871288302,1.29938568071336,-0.747948845191142,1.30361171587391,-0.0357664748494311,-0.563401613363888,0.483726233329996,2.36813857857418,1.1396621959565,-0.348442223331427,1.26496659410638,-0.170666125523994,0.537492500127349,-0.475764865928378,0.153768130995243,0.630477948172546,2.26368941656789,-0.086625000708821,-0.288926491033998,0.223197206581577,-0.260449155707968,0.0225831463207355,-0.507485219780346,-0.880420206418996,0.146718882795733,-0.268915760216721,-0.0263267213778429,0.0643249568614446,-0.373520551236463,-0.171922391984947,0.0244047840596262,-0.351402937963711,-0.0329850189067836,1.59954688367423,0.7080834883677,-0.83312163885225,-0.787302624960142,0.433654408670889,1.07510137866311,0.388812787460385,0.390027040954305,0.492086679433145,0.506132532326895,0.405145522894359,1.27342024084298,0.539155630787426,0.286354179195779,0.00721378624347221,1.1168549148364,-0.633307102742522,0.494425938965007,0.222647494495681,0.596897930577095,1.34862310436501,-1.31765239407422,1.43533845932721,1.53790907110995,0.513367276550452,-0.17763473286177,0.580315196902585,-0.351929572194737,0.278230337047813,-0.846272879506454,0.14220607073568,3.244768143626,0.485249624407605,-0.0414580171389775,0.129386181451963,-0.495516273776885,3.15640825775702,0.118719368461169,1.1920754318503,1.29868904973542,0.787172396144421,1.16660324302481,-0.104721366900247,-0.30393079458495,-0.348697644010977,1.04098474100707,0.127632073385575,1.61091592018358,0.614729475175447,0.765980663187918,-0.325690671032106,0.816428081510402,0.174047746132609,1.13229815777873,0.586501069875247,0.418897519666111,0.0568262117474535,0.155701205507225,-0.401035622966193,0.759305721022707,1.42193648247382,-0.200658655553983,-0.509215119012032,0.795737116417166,-0.436831326915324,0.671462467352432,2.80598240008609,1.04513684906599,1.52648477570827,0.596824157056459,0.981313417989126,0.904144090605004,0.498166587901354,-0.700048433410214,-0.699650430899148,-0.656172752197954,-0.0422118670724689,0.245011248654996,0.922091913725183,-0.173355989727991,-0.536383528230622,1.78505722984628,0.613207570094563,1.07715432380139,0.514623965276949,1.63683679404693,0.323009195037527,0.404442795362919,1.27384105246488,-0.171666498120971,0.672161413581053,-1.12376094009008,0.284208283365735,0.609398838171281
"UPEC_Li_2 (GE) - TPM",1.45208544878129,0.726035228063158,-0.204609823378144,1.72972215859688,0.490878639562407,-0.0306389754926617,2.17173000242834,1.59787284137764,1.7226183695045,1.74797375198445,-0.150907413466124,0.34042930071636,0.45462183062571,-0.155456814211623,1.04984394078089,1.16051871591899,0.645624624366414,1.82210482741427,0.832530550518156,-0.350537394452186,0.732599109754682,0.608554625649545,-0.137900131001888,0.0233889588687125,0.0122542518654047,1.74495753637574,1.07272239085705,-0.13076205308705,1.57142710771145,0.554273135047677,0.564965819958892,-0.0689389827317067,-0.0014335128447436,-0.0296320586622826,-0.132768811072848,0.811523267134845,0.987430848904849,0.497450563509341,0.742984466018051,0.101808034841291,0.966699207680749,1.1195279836256,-1.00041917943577,-0.118501303773784,0.399194556372787,0.825647640944101,0.824506405738049,-0.110514410266396,-0.461435724498315,0.623903857864421,1.1485432231085,1.82767102464232,0.811557053872092,-1.24606801890698,0.303800033627802,0.467542532597359,0.297995836579391,2.52472901220435,-0.0676483025616548,1.02917887809159,0.90981385642639,1.31229310051345,0.77977529842232,0.428484068219026,1.09795023482469,0.994111090285544,1.86192427108037,-0.0984646141816741,0.728650180440412,-0.528533224517255,0.705725944985178,0.481729209767028,-0.0745392358179445,0.524807570421227,1.13868212770094,0.225424758129608,-0.303893325874803,-0.0584633217780389,0.426434962098694,0.330474322762982,-0.0580560151352605,0.0612148514403496,1.56977058043868,0.764353450095388,0.82057142764976,0.937297080779171,0.813057243618751,0.0178942131931033,0.994319814502398,-0.655650795208589,1.01556495779295,0.4895778177101,0.548396011394663,-0.145806768360353,0.466533411405304,1.38227014831976,0.933925923123338,-1.10854597513554,1.25490760765585,1.62462118481394,-0.453002813484472,0.545284649538141,0.181825935890513,-0.140765868696128,-0.412068068894011,0.770763000576444,0.357295971281549,0.425731626725877,1.2697347413544,2.60911770538753,-0.640455469627646,0.278020375204448,0.44899971214648,0.521591287611447,-0.0357264606869078,-0.269693319302392,0.0209871720609737,0.30393572572168,0.784327930221631,-0.424570962581656,0.626801012561329,-0.152441614318557,-0.924790705546971,0.496817295028049,0.381544550475971,0.236024921769198,0.460064182110661,0.115417172639102,0.156496686586604,1.51277922527982,0.0895928791966341,0.193994970254094,-0.23243937037104,-0.373485035406767,0.17846018368466,1.09904960277531,0.700502088173585,1.07715011232393,0.240548081066627,-0.410117832800283,-0.18563916679906,0.535328444592473,0.364278391782639,0.487642350087945,1.07299619775481,0.702784866505244,0.897992453605577,1.96821903841169,1.18496113274717,1.45829988740258,1.50709643825386,1.18906567219815,-0.497545132102092,0.940456139771349,2.17494818438224,-0.769639346316894,1.03120595077438,-1.02216276893383,0.763485429200558,0.187392230676801,-0.118547906505931,-0.144116807305451,-0.0815893012695938,-0.442592111416439,-0.424842326074163,0.947872902908762,-0.204128070837862,1.24080470651751,1.92950268740295,0.966914579780743,1.40256620122003,0.0591166458443249,2.37273616383264,0.778375722244362,0.405363962644291,1.48069197534144,0.0137629205260172,0.768127844311572,1.14320446409533,1.63343307000574,0.772737220470164,1.39662797734522,2.19232458932399,0.819598827865044,1.20806695870815,-0.196436819821332,0.33909377503366,0.0598388873802609,0.50551599769048,-0.214621715120357,0.702679682509534,1.75612276799592,0.448780129994458,0.157267805286838,0.437461741504796,0.934958939086299,2.39814705782887,-0.134505426122001,0.677655324946073,1.19164242265875,1.28966712513696,0.841781157312359,1.41281315312341,-0.17353867114771,-0.119006130248921,0.461438857953712,1.28512130334665,0.978948320351892,1.2439510847541,0.400769530270683,0.476026779556565,0.148281267810474,0.505437834306641,0.866129660773947,0.618576629764125,0.891039874374343,0.409286132719845,0.44353228340446,0.874884822606463,-0.401578085128236,1.57878644763994,1.73087243552283,0.493536274537048,-0.76700236209906,0.604409741262377,0.000256930308703535,1.74985582311184,1.0227283805838,0.570432579049548,1.81249297549475,1.81056037147504,0.271250911287895,0.36795393844439,1.79517048386942,0.416178337270104,0.505346804394546,0.629426284725568,0.778204353545735,1.23875187325652,1.59644912620604,0.361992242305748,0.468485708858604,1.41898318662674,1.08539311553854,1.54709966000098,1.15944439221294,0.480770583681027,-0.232944202677291,-0.401235087646393,-0.151950920031624,0.0347450922847061,0.353920282684233,0.0962609778755751,0.748939649224043,0.10385393124754,0.871073679364149,0.815391835497569,0.713887697946998,0.499940865670261,-0.947868224534913,-0.788325079966283,0.909357806283282,0.352378139262157,0.613156263353454,1.37524889225828,1.48987727694788,-0.0203942479254678,-0.117102391923697,0.729796823658543,-0.409818942385365,-0.420054430104741,1.34905058620965,-0.57650665444627,0.473019981398233,0.28668545566053,0.0404955642926982,1.07735198277708,-1.12469970490493,0.917353194685142,1.70526744281791,1.47970632909216,-0.408553243758477,0.643498965889067,-0.151783532975637,-0.412972154646879,0.0344178988682161,-0.316129055356131,0.521807405489516,2.07080679564658,0.944255308455111,1.32666083176098,-0.216104400400101,0.525677043355694,0.25003787028933,0.627720953457911,1.1112676919193,0.995929290216979,0.150944865177128,-0.413139754877874,0.142214944957276,0.543140196511171,0.86594024139488,0.886590094726792,0.500567272636645,-0.161946388811361,1.57663623026055,0.499597328420044,0.171320310389595,-0.0992961892551075,0.167188130434693,-0.134843967063478,-0.207630666318447,0.150408218471299,-0.0431048446407329,-0.683252860404636,2.07361865123703,0.79578917054852,1.46173415618187,0.694723953344778,1.93861880530406,-0.387451487424968,0.190980781726593,0.540126691359331,0.0469314879829806,0.153067481980231,-0.0660372899575072,1.19532416201315,1.10786466305509,0.570623160483566,1.16216359303276,0.94203488761261,0.750483747260521,-0.151192654716986,0.47600493607948,1.76519905437897,-1.03817206526117,-0.0923541760919374,1.12988166234877,0.16409219624492,1.79290938979809,0.585192898111978,1.00288763888182,0.977178013415976,0.628684097643545,0.811630744874851,0.351154989502208,2.5874656511554,-0.0128297492094881,0.739024936848166,1.50529923791867
"UPEC_Li_3 (GE) - TPM",0.696924975702248,0.77549451354211,-0.460934806142262,1.55491654754568,0.0941727258043404,-0.135335019946888,1.58457001494816,1.24519829872264,2.01964213719724,1.0397444053681,-0.11664698712564,0.0763866527795654,-0.11817231748161,-0.0604005614288351,0.913934298659285,0.659208335779808,0.692944259185607,0.593316715884754,0.475448714849403,-0.365283637671345,0.835406460315709,1.10719860855383,-0.134172557881473,-0.144597618112074,0.374446184851,1.74975157411484,0.16479477591473,-0.297583125918798,0.630523467120855,-0.279463007676013,-0.285956485466773,-0.381009430318831,-0.226919078544327,-0.192211606902713,-0.571233743835693,1.20241173167,0.46220956684108,-0.332314381497427,0.752051459404006,-0.144226709089818,0.654564501430467,1.25574093907353,-0.783942885166985,-0.278196198028619,-0.164459320633705,0.177964818403979,0.290291750193947,0.109609643110904,-0.727747887171174,0.450784123987632,0.74345005897097,1.14387683290472,-0.105871884898699,-0.559393881225419,0.215077913223391,0.0780010319315678,-0.175648946381488,1.17615463057191,-0.285755057241233,1.04395096853663,0.251948544664742,0.672495344089774,0.719343289113102,0.546926079478049,0.591547911239223,0.756402961235211,0.842457360920103,0.0998663662961772,1.33386947340002,-0.59714612813946,0.360994048987222,0.285931942511764,-0.616964039200668,-0.100954700125338,1.15036703123365,-0.176810184893287,-0.330567814811961,-0.274732579308935,0.562316500463002,-0.378010715496871,-0.376695478912649,-0.272399961835902,0.81916377373098,0.513365763841727,0.464698133864299,0.73142139588049,0.261175646581603,0.960121798110726,1.06674953526446,-0.851102722810486,0.590193318658417,0.0654484109835486,0.713534513736956,-0.145622553041511,0.0413586743870035,0.483925063831767,0.920050038542519,-0.643383678989196,0.934136628137081,0.855888943150117,0.131773329294516,0.48954882288399,-0.158930219477275,0.0676084650845487,-0.412068068894011,0.705362978575368,-0.577526337529233,0.350409091487537,0.149952883574243,1.13455622536586,-0.724498102860988,0.313856449768738,0.0810619195035003,0.742590641051224,-0.120225024230534,0.313075117943572,-0.634292332003491,0.104389838395252,0.606868143629942,-0.870290086944079,-0.0198761777577841,-0.291175380249811,-0.645687457845848,-0.125612014122344,0.172755072090657,-0.763294861451222,0.410332975673383,0.432715016617777,-0.459930832937791,0.670024255277706,0.9398698078287,0.599558776387934,0.0446506173790192,-0.315366669272483,-0.0975043429803994,0.696212448242284,0.676517371737876,0.367272075354851,0.730875604145572,-0.409242406975201,-0.252823023671067,0.138763494771291,-0.21729416536854,-0.268349969743439,1.00128825976472,0.525100764063273,0.481276928066482,1.0694705510251,0.53655223618991,0.571314792410481,1.65555962824018,1.98987588393637,-0.683609422377043,0.481320809267373,0.994986866155077,-0.103373324043642,0.929622007295234,-0.531199762241496,0.250982015710256,0.251639453038665,0.121128249749434,0.745590915273032,0.442726244929491,-0.133320279168035,-0.384559721573527,0.906357797573781,-0.440550079927741,0.586108187366337,1.07948230944695,0.668393493477774,0.616067995864466,-1.09677974130001,0.968022198384137,0.671418999463652,-0.293175692203225,0.815501376928808,0.129894938044909,0.587368507486449,0.494787732740075,0.767639171280198,0.535860875586812,-0.132386498834326,1.14453571593278,0.566485220776351,0.626165180607178,0.763891233173395,-0.0522323860132635,-0.235458331941206,0.254501459650247,0.640684428771927,0.286524430990303,0.68346452144102,0.175998669060366,0.225876724241082,0.831663943033286,0.418340487673939,0.93416579919912,-0.25281729316058,0.432960957113321,1.16276362697883,0.788699854652474,0.301337783405178,0.877671093679018,-0.405418590453413,-0.352122067892041,0.892628268545409,0.527704622666475,0.0375667520625874,0.630202667572896,-0.321388928680527,0.0197985084989332,-0.120647288196704,0.043195096276417,0.902943655966738,0.405418235514779,0.592349919049962,0.64797289323225,-0.535974987295901,0.564850539929252,-0.418518861261128,1.24501243735795,1.59860046595758,-0.0819695934719734,-0.309630239715554,0.36064993852936,-0.144600002169381,1.03541833788258,1.64394784274402,0.0944134180466194,0.952839990315981,1.20089501220569,0.345969810425504,0.197665945963327,1.27379993867985,0.249608639407307,0.384732323535154,0.427467064297901,0.219076374570134,0.197840118280773,0.28037641949557,-0.0671942545815296,0.0686807969400198,1.17819091657425,0.686436184079345,0.387261341244296,0.311316800170886,0.209876084147294,-0.350406239029319,-0.305648401770498,-0.0656411799214776,-0.101879674251222,-0.0592734656498182,-0.0319295196947136,0.0729031908230179,-0.215608550269148,0.197623428872838,0.631828244943489,0.496571778256846,-0.25750016206523,-1.01159960976822,0.592936395168847,0.471393486259329,0.806941343083809,0.554618708841105,0.368600469932543,0.98884044869985,-0.206591064993145,0.325199066312286,0.437538077687507,-0.379841021295593,-0.214937940796659,0.25448968279792,-0.800109245325445,-0.120702849327785,0.508095809431386,-0.207561842801065,0.322748634242574,-1.09235267419163,0.183218145748968,0.785499795716305,0.762976648727951,-0.753471839145559,0.574764779516631,-0.204185811711796,0.371594269305744,-0.542765525497,-0.30067493927141,1.05382246120231,1.0810915619601,0.665767428483636,0.958532460034703,-0.368659320515491,0.894899680329089,0.0530411117597559,1.01043738308704,0.438660091666434,0.222721198433612,0.477450514296534,-0.381365063351963,-0.514563059646215,0.270984805337072,1.22685483281735,0.221187581512227,0.716543625813219,0.445250349990776,1.09616888386483,-0.0253898307289191,1.20069922250172,0.547579981237984,0.374859496729173,-0.236247353195285,-0.144871644324442,0.0922933185572479,0.330454946854991,-0.768226683209097,1.01290556372925,0.445010947257149,0.0048228217758026,-0.0991687266089237,0.630525286143752,-0.158385427872553,-0.119095635948852,0.426438660005973,0.0066126280406443,0.316348963903013,0.320054761166065,0.738542574405221,1.27728414377923,0.366495654572604,-0.0882361703982514,0.00275821355786161,-0.0136988029643797,-0.56008958523755,-0.128500846147418,1.61502871580166,-0.905917558850657,-0.470609381091812,1.03286861154933,0.131097933504356,1.17076716134977,0.0228749453419353,0.481803955015104,1.08270282587067,0.599540542835359,0.336712724964324,-0.500424404582669,-0.124905699433533,-0.696096657185177,0.693912584967226,0.944545880014924
"UPEC_Mig_1 (GE) - TPM",-1.1296253650234,-1.42377978930427,-0.805316940641156,-0.983740345282158,-1.0890548198706,-1.09293037574837,-0.906796251659147,-0.808434376628806,-0.830765018190718,-0.969620990324086,-0.653910158191863,-1.45793839091675,-1.00856638891197,-1.07181924834156,-1.24880318669384,-1.33571825232412,-1.27838206539433,-0.846712091034415,-1.26660586979835,0.631524543864271,-1.11470160825936,-0.350370969643696,-0.75480187195068,-0.562277259145414,-1.12783188076914,-0.811506318246841,0.150866186170192,-0.874802559680277,-1.13782635575238,-1.22775720618919,-1.15733240853648,-0.885481065168811,-1.05655304048833,-0.962554339919628,-0.129542793416445,-0.852693206476667,-0.601827635785753,-2.08772157835891,-0.807031836518255,-1.70277359271387,-1.13667900859002,-1.58408945918446,-0.189464798060036,-0.623635471609796,-1.12930251878973,-1.28334755168647,-1.42538676004273,-0.530439045297662,-0.992028333312926,-1.28768827443656,-1.14460027649454,-1.32992638097392,-1.2037969750586,0.408974333722336,-0.973450274129092,-0.486467696529082,-0.730415278589744,-0.455478513356846,-1.42425654135844,-1.07808689144444,-1.3297432437437,-1.11872317816969,-0.794373186647146,-1.2754847836403,-1.21980474248992,-1.05299931833211,-0.906530975530964,-0.902361348372822,-0.86748405841083,0.520369373316185,-0.699774920999419,-0.785817341425545,-0.616964039200668,-1.06699274391693,-1.25144896697746,-0.781624769198616,-0.860336669323648,-1.04598362800818,-1.05667882030992,-1.37324472639854,0.0256248364298574,-1.23921494611796,-0.938924731269243,-0.574691613132855,-1.53399254125219,-1.05153283139897,-1.10212179603292,-0.774703722137493,-1.35895333763313,-1.02236256814903,-1.16194428410397,-1.24347526445399,0.611172614904927,-1.02559099773516,-0.729460827394463,-1.58458120700126,-1.4898886094088,-0.0422630838540541,-1.61418679932194,-0.487247606281265,-1.19943456058397,-1.1216592148828,-0.888543831672623,-0.155816211338085,-0.412068068894011,-0.31708646914527,-0.235933173744695,-1.19714337982114,-0.253767752437857,1.1471025754402,-0.0324897643923919,-1.28001370444856,-1.36995151364811,-0.973339486740572,-1.45426094649987,-0.250486871077861,-0.299158920729806,0.440748528419372,-1.20657799208067,-0.581621686233788,-1.02612711751822,-0.676177484290205,1.04056313923101,-0.697085079365988,-0.784991842799243,0.163422975765696,-0.0611284506884733,-1.04119084205774,0.0191096227480158,-1.33420309528745,-0.460655681421309,-0.214011187738574,-0.471868224380195,-0.431809144259771,-0.792232699948735,-1.08817368434137,-0.883911547159395,-0.945914193109961,-1.01411617472401,-0.85717031676321,-0.771336967408117,-0.99952637148713,-1.04114619955878,-0.742350540456433,-0.742758416523143,1.21339333728231,-0.436675608956217,-1.25285881287414,-1.11317527619815,-0.488529798163203,-1.40365412668339,-0.837279366631036,0.156543675679541,-1.20039968434486,-1.02518729258246,-0.724876664809032,-0.310656204503568,0.755598419397036,-0.8224585170978,-0.871661842061003,-0.753013258293502,-0.899362604171246,-0.88749915551863,-0.906668771556402,-0.581756031203545,-0.287142898472659,-0.474043951589654,-0.767135496003791,-1.44313135415715,-1.66079893569736,-1.0710846377462,-0.855179546663806,-0.994048127608531,0.769487416393016,-1.09443137279488,-0.628834689119755,-1.32914551423587,-0.85632282750824,-1.04020924521544,-1.40205583918032,-1.56793280175351,-1.33232811718473,-1.08882762599138,-0.688496341619497,-0.94313180817112,-1.12765600419913,-1.60716000373548,-1.51999152723493,-0.762887562519801,0.868287000996262,-1.35967857602584,-1.45677510861627,-1.22677565595267,-1.74541432432592,-1.31848931502955,-0.967294439384057,-0.218690239665501,-0.768187913296638,-1.37851634785119,0.408468693045998,-0.634806118217502,-0.554115459543104,-0.125261102318521,-0.653899436116187,-0.904999213429191,-0.869762408097526,-1.40005475159631,-0.820593691927194,-1.11100641263519,-0.689382831185791,-1.14231105188387,-0.832989686590844,-0.988222577538134,-1.34799221350996,-1.27326151726377,-0.891077838797288,-1.01752063151524,-1.55711715810921,-1.41303763309164,-0.051463725899211,-1.05920469208749,-1.51040896875519,-1.06444209885967,-0.919637311246947,-0.479339566037242,-0.847885341719019,-0.0644342512305027,-1.52106434702665,-0.709644631529581,-0.982804651466427,-1.41955244132673,-1.29352138522797,-0.966341084010777,-0.964179175751444,-0.915077947126243,-1.04588617713509,0.0467423440714548,-0.731760562670466,-0.750275412765772,0.358883195380088,-0.553394137174061,-1.27205768373532,-1.51860540712229,-1.44300759508725,-1.13858114399804,-1.30351855368516,-1.17202103140027,-1.04474780788855,-0.541838837833122,-1.00593493433769,-1.05954786156387,-1.04765409732869,-1.05272258689883,-1.11439761436172,-0.922530899488462,-1.19091937336809,-1.12579981862522,-0.798930233409132,-1.19025487555263,-0.989960794345703,-0.245806688149907,-1.39202448027336,-0.875914408407498,-1.1885753797402,-1.46626304532381,-0.664829420968113,-0.994143139198761,-0.559201761977352,-1.38852261217393,-0.359844350442892,-0.633115255276826,-1.12389785904574,-0.793046819710006,-0.638307016511419,-1.01922003742288,-0.92800608060782,-0.534210364285755,1.33576600251057,-0.719795231862545,-1.04737811986309,-0.934145157367339,-1.32198057073628,-0.0492319442879792,-1.35057664821638,-1.59009281907942,-0.718057371721274,-1.08811194900466,-0.658434862324302,-1.1325348518971,-1.01106119129358,-0.615827966396636,-1.85891672016078,-0.0308928684559486,-1.1840866523379,-1.60359661317869,-1.21859642429811,-1.09625790000191,-0.82030018671505,-0.623987273758172,-1.26313025921524,-0.533798884162198,-0.747535580788313,-1.09292749000001,-0.83885852888312,-0.393258195447022,-1.24647320767368,-1.02477839979887,-1.24771995647909,-0.759341249299359,-1.35746555626808,-1.00198354154328,-0.884306185570658,-0.88854669938117,-1.15442602232997,-0.679023467657079,-0.771213901605896,-1.20047669954089,-1.04205587215684,-1.08930132731694,-1.07441670748892,-0.357397343436141,-0.967052765515074,-0.973383086142521,-0.571849235883952,-0.692903919184553,-1.12293853300481,-1.82233370632036,-1.48085644277085,-0.934479351294359,-1.2032211225824,-1.35730639219934,-1.45540459247717,-0.897895413347031,-0.973327394401274,0.187854188855918,0.137443470823591,-1.30653703669588,-1.52324334865607,-1.05246064267644,-1.23359228611174,-0.381038560222127,-0.828609904867552,-1.87834154522707,-1.1354377676402,-0.723539404753236,-1.55876533805454,-1.6786658456615,-1.10928041021372,-1.55394938154984,-1.02589818175508
"UPEC_Mig_2 (GE) - TPM",-1.25175524599311,-1.21992653610174,-0.837076461004346,-1.01605037680636,-1.04389712263235,-1.37649912569597,-0.911793510246747,-0.980007405478451,-1.07330964927694,-0.733535597523724,-1.0901607705676,-1.49592976013522,-1.30213515454246,-1.08030751514869,-1.33713638326625,-1.34227680172883,-1.4227160727086,-0.99225017884744,-1.27132641086258,1.5970706968598,-1.21426280146896,-1.14596673306246,-1.07104617571962,-0.582537950349495,-1.09202942033278,-1.23836376976807,-0.321707895979044,-0.867281735496954,-0.920995130022594,-1.32618068614418,-1.17061433910988,-0.904405400710907,-1.08740762731509,-0.977855830863811,-0.41159488518827,-1.05884137951829,-0.832055431498357,-0.979001198745226,-0.95998363624136,-1.66240452719978,-0.912062437436513,-1.59314783935522,0.00784340341128573,-1.12510339851737,-0.997992448962488,-1.37626189050033,-1.59207656039268,-0.695322464168946,-0.928560964831704,-1.09322786056383,-1.2214161760487,-1.36532021210382,-1.36840034656336,0.601855756106528,-1.04432389547781,-1.01362809471491,-0.754715877175267,-0.566262359904781,-0.769259532351457,-0.668191705016484,-1.19524063241387,-1.56158989973501,-0.594475306852696,-1.6174369204587,-1.38732107938425,-1.07340471742366,-1.01712234419472,-0.877286362300038,-1.20009265014562,0.829271527960368,-0.719119374382443,-0.754052486158344,-0.616964039200668,-1.36762272454414,-1.24584309287716,-0.758903329951513,-0.879158100253301,-1.07038111064191,-1.0339624284618,-1.46827731586757,0.133013939966948,-1.25896466988417,-0.845700255752143,-0.0227202031072537,-1.54576061852536,-1.12411615306192,-1.09831431077694,-1.1558466286223,-1.37001802877353,-0.979510091192199,-1.14667166092721,-1.21545031219541,0.372418222536118,-1.28985370819262,-1.21934000588646,-1.65819833405241,-1.59584611929489,0.0682731397436883,-1.43977105600732,-0.942107982638909,-1.14328538887253,-1.02834854276089,-0.627269431965852,-0.754045263662622,-0.412068068894011,-0.0645604136232432,0.0486112351513525,-0.511152998510194,-1.49986587342066,1.26600423281713,-0.455332195246887,-1.2786041309502,-1.46978420247585,-1.06604062159847,-1.52447833728599,-1.18551475714537,-0.911193663248771,-0.714912854225685,-1.41102641298531,-1.18730759741737,-0.941655805675692,-0.790679023542402,0.887841412721543,-1.14640019045203,-0.772325784275391,0.249458879464956,-0.0920654690533764,-0.774929202812128,0.897004778182647,-1.39034803081472,-0.676766643291221,-0.532903292879251,-0.62825504706665,0.279169415766954,-0.75867425499567,-1.01543898343832,-0.94080981989057,-0.950958201053033,-1.01411617472401,-0.85717031676321,-0.855318440815819,-1.0029879378688,-0.985257036243713,-0.742350540456433,-0.938621416076851,2.80494733386189,-1.28510187575498,-1.27407425308281,-1.11895539984729,-1.27255469886356,-1.40365412668339,-1.10589262048557,-1.37600982620793,-0.996354677028474,-1.15799142689247,-0.433106057147034,-0.938979748303988,-0.0230078685319833,-0.840651328731987,-0.813318392912672,-0.797871002814116,-0.886582453981898,-0.852365371087057,-0.898981848464083,-0.426049212446781,-1.0323623547761,-0.636879975491449,-0.80368812926736,-1.48657878212799,-1.64261863750021,-1.18843684506271,0.212696274830113,-0.177224964276463,-0.773324845735637,-1.32255486886915,-0.925922561915974,-1.19208996445367,-0.874798798692261,0.0296759685507493,-1.18555550513055,-1.4965615304962,-0.684313832534004,-1.17735462101973,-0.935191618026359,-0.938349793770646,-1.2520234068773,-1.69788926976256,-1.74354977831575,-1.87245111548303,-0.141500448570817,-1.38839841813507,-1.368005311972,-1.54197735521196,-1.77355937533473,-0.759861632003496,-0.96168661222871,-0.70564369695449,-1.20395410638739,-1.68338870760187,-1.38059278864253,-1.31024752878458,-0.519266104685107,-0.527113855507528,-0.693479148698276,-0.941041251814311,-1.28437865717879,-1.29028638559833,-0.828879238486702,-1.10789710642325,0.227538659353358,-1.01821698991525,-0.98261281153112,-1.07558216110724,-1.35510789952958,-1.28797864214255,-0.891077838797288,-0.870778639789534,-1.66432204697862,-1.57735269449848,-0.791626288057238,-0.478392512005896,-1.53685633072267,-1.42110817600831,-0.816714847413373,-0.290590247212972,-0.517584932828455,-0.288388615791789,-0.926005874697508,-0.936501585431869,-1.58770431833872,-0.951456460292634,-1.35520797719553,-1.30829086546482,-1.4136877943385,-1.01417563168654,-1.25547213179681,0.389950811021101,-0.772409981251348,-0.847022089640281,0.140859840947341,-0.0342759133243514,-1.24663453910199,-1.61850096542651,-1.4442883410205,-1.16613022337979,-1.39250639250374,-1.27787162679182,-1.05525643554542,-0.853687133515042,-1.01760331377406,-1.06976339629698,-1.02576431162519,-1.05910463070853,-1.16766830262743,-0.934627996973393,-1.1739427593153,-1.13416178977296,-1.05939622386472,-1.4108424146948,-1.24849326343878,-0.697133635051193,-1.41581931127765,-1.01908389479057,-0.811359379172893,-1.50601022825032,-0.716974992328887,-0.9043377106806,-0.616003382267693,-1.04267312136006,-0.282330542500213,-0.629568000129531,-1.59575157430337,-0.996861285540212,-0.454310745345699,-1.05484270702917,-0.7711427334341,-1.04215488634702,0.754039620892383,-0.79346054937388,-1.15287471131848,-1.26731559963651,-0.899236230451985,-0.880265933409911,-1.46495820982671,-1.8266423501569,-0.627125109208277,-1.14691928797141,-0.549463910692594,-1.14378597479979,-0.97814603562136,-0.73540338175882,-1.86904589067149,-0.189741644914985,-1.39583422830614,-0.343598807620879,-1.19342878233302,-1.22827319742346,-0.822145139079486,-0.669162083431589,-0.704287477356385,-1.03981647862898,-1.5742246006346,-0.892940677085644,-1.09914389532711,-1.3445344515255,-1.21802612964788,-1.09292329278051,-1.05871343181509,-1.22520207353139,-0.944008276366496,-1.24537839427895,-0.895205919769761,-0.670350582305227,-1.32646071647352,-0.828047909034869,-0.892462695342058,-1.22288342152264,-1.04299477410644,-1.15736041389339,-0.686279138916856,-0.724759661276813,-1.00816018507276,-0.973383086142521,-0.531837284384965,-0.661467163938716,-0.412439441623827,-1.91702781046067,-1.53309356080383,-0.842116926938549,-1.23972256191502,-1.3250943875704,-1.53157555584758,0.20277523759313,-0.965990846568609,-0.0527669226920657,0.257496845782396,-1.09084793086209,-1.44756679019743,-1.07963943759463,-1.31360993360188,-0.642485906180355,-0.881322531528035,-1.71140220242162,-1.21603584793626,-0.868472486847638,-1.48962042550145,-0.408117524364846,-1.39462153389377,-1.466500796462,-1.27230032141624
"UPEC_Mig_3 (GE) - TPM",-1.3048275141561,-1.30393548798838,0.111726200213249,-1.00788847323994,-0.530470632193826,-0.991337465735028,-0.894340768967019,-1.10608135965107,-1.07330964927694,-0.782017892935638,-0.660597627885855,-1.53635211573459,-1.2276119461417,-1.06684590512912,-1.17837535713393,-1.22565329975726,-1.36800792975795,-0.959256758933966,-1.03869272965175,2.0748483049301,-0.793806571085965,-0.955736558094499,-0.0382302023014594,-0.687262506494578,-1.17842106440163,-1.23830938647164,-0.470306293129013,-0.855553805918347,-0.831272231571315,-1.38139509276633,-1.13026202803452,-0.887251218249898,-0.959957631557952,-0.966476396005984,0.326427274758896,-1.08411812380984,-0.744612735615168,-1.44090286156532,-0.93769657547293,-1.85119842728484,-1.32433360487668,-1.35945872882563,0.295681213232447,-0.187348311904386,-1.16215031361015,-1.0784388581813,-1.08851722353718,-0.314974452718861,-0.90640106149369,-0.790868722278376,-1.12921342855836,-1.33216169267498,-1.35102247209964,0.666339920213781,-1.02861613080538,-0.596000670883557,-1.02385472289864,0.240440310307881,-1.05538030632832,-0.735958194311372,-1.17473689569247,-1.41120748949667,-0.140240613895628,-1.43360726739408,-1.44439279755614,-1.0420768040763,-0.983403141350981,-0.784254800297111,-1.47872918361992,1.16061017005116,-0.676680741148275,-0.724046122117259,-0.616964039200668,-0.768800632866763,-0.84424489479306,-0.995374799419313,-0.854254344506857,-1.05221432406349,-1.1082744915575,-1.32125972808516,0.447289011331779,-1.23557584491224,-1.00138757330452,-0.165079042901995,-1.6043240453832,-0.968644723420079,-1.06756388563575,-0.971026823892334,-1.40216424453916,-0.943619458432073,-1.01659286243903,-1.1373204448564,0.529768278891207,-1.22107646582889,-0.809855607297286,-1.71693181231026,-1.54647890924884,-0.366596135823094,-1.61597044293707,-1.11457812930195,-1.86282364464631,-1.02957133956051,-0.748774279963971,-0.380188407196703,-0.412068068894011,0.0872483386218118,0.669643468361458,-1.13993333336789,-1.49986587342066,0.799572830662407,0.484333276818996,-1.40619808351813,-1.29965374714169,-0.865623726315246,-1.39919368342812,-0.721356157864042,-0.194060369697074,0.00355108485647466,-1.31297478600617,-1.18074126046533,-0.928702529049905,-0.549475094018378,1.78737452209159,-0.567027756218285,-0.750939235111481,-0.645952554227712,-0.039040902374091,-0.898753351085844,0.297394555233837,-1.23271487544125,0.7210582600413,-0.632438986305002,-0.340870416994077,-0.436335758391853,-0.764660252319676,-1.10013671197464,-0.95334560547174,-0.888165030330462,-0.951961351964268,-0.775351167527611,-0.782811662211255,-1.08053392349067,-1.04114619955878,-0.742350540456433,-0.673202939205909,0.0937798098867724,-0.553217521187418,-1.27149862289559,-0.96601952289858,-0.97348602864985,-0.967789864274347,-1.02687367447689,-1.57569116253515,-1.23395995243076,-1.16044877104091,-0.317766614781846,0.243369248243566,0.206037598941082,-0.870541965289782,-0.864123267498378,-0.797871002814116,-0.907528979366537,-0.825883051546056,-0.788725198979,-0.222893751741392,-0.838293105219321,-0.596033600781378,-0.92663053016813,-1.40077250265097,-1.52454911813001,-1.15391491588539,0.523716152080189,-0.574013399285798,-0.537097932098575,-1.24473089152279,-0.556936108702914,-1.23623274382237,-0.867803326984984,0.19131685573094,-1.0925374384245,-1.52223204235033,-1.64452804110149,-1.15829912580398,-0.815273165728869,-0.929392301866619,-0.140124961487056,-1.47584834845126,-1.51894718537916,-1.22572575749126,-0.552709206135476,-1.28109250842602,-1.37429553355616,-1.53207019770579,-1.65308189837938,-1.31848931502955,-1.01382913383361,-0.690393041133489,-0.788747709568159,-1.08504497503194,-1.33115556913612,-0.855455976225317,-0.463696442970699,0.0586714149139883,-0.654833320510742,-1.00461212922221,-1.13554340704561,-1.30431907239169,-0.0280509325470639,-1.03916582576864,-0.631270795633417,-1.00460238565111,-0.965252856249377,-1.01476787020151,-1.25274710311402,-1.24186815827438,-0.891077838797288,-0.82666276519439,-1.00184517824212,-1.08248526380307,-0.370221958081192,-0.667300865573805,-1.49564849104701,-1.26968653799065,-1.30249685570813,-0.540748559530314,-0.847885341719019,0.280556878694681,-0.798135604480508,0.0273467885721591,-1.13220434471095,-1.33535434865062,-1.20109337164131,-1.18223438394632,-0.641207008298122,-1.04056764840689,-1.17015087117117,-0.039232269100712,-0.845431562507656,-0.826965093721246,0.445774216805869,-0.113472607350044,-1.22705130079969,-1.53105086931867,-1.43173639669116,-1.11843081944313,-1.33128505382814,-1.04574105641306,-0.987689499773211,-0.802650143494594,-0.981839343614372,-1.02938792765012,-1.02010632100204,-1.01596336279753,-1.1409152927171,-0.893192801093954,-1.15450146383753,-1.11422264801257,-1.03893964613837,-0.961240977633036,-0.916219473559405,0.364452965574964,-1.44167600769096,-0.644464253166283,-0.372523087896187,-1.29395342754569,-0.466316191600202,-0.937183546960657,-0.609057068340466,-1.44540614877373,-0.492949384590317,-0.619678720912928,-0.990269724140868,-1.05037173173538,-0.480958988800506,-0.875981967813029,-0.640972109429339,-0.786304001935822,1.40620383814434,-0.620189011883924,-1.2036874525362,-0.968018724816502,-1.09583217277545,-0.593708107314265,-1.37754575842742,-0.921811442279303,-0.643650375965608,-1.04199290113573,-0.530771266921879,-1.29780517342778,-0.873206841820629,-0.665072754080293,-1.65210353597545,-0.293275445014621,-1.17265099440363,-1.11354809825383,-1.16274043827452,-1.19202925300326,-0.814737549667031,-0.587068195595403,-1.42430762617288,-1.08278735379774,-1.79760124078192,-1.30374366268166,-0.428881120014316,-0.872309974414295,-1.09412839200552,-0.921203362561282,-1.23348699221154,-0.783380163741472,-0.791298900156018,-1.18833300780321,-0.94380332902502,-0.82105495176361,-1.15293480483739,-0.684959111920915,-0.793671306449952,-1.21135910104946,-1.02924537387141,-1.13303399174499,-1.18280337336342,-0.439797454508387,-1.57088906821987,-0.877498049291635,-0.137305326585407,-0.696449652874378,-1.12293853300481,-1.74544629834513,-1.50622320500087,-0.723413465991884,-1.19320999459432,-1.24820667726091,-1.42413219654384,0.844223194473237,-1.06047757342232,0.470309086088911,0.326233717709152,-1.2596906442907,-1.38832130480764,-1.06745958858268,-1.30909547390211,-0.631961623215112,-1.04453028313209,-1.38722405218243,-1.22110787630271,-0.8483395241784,-1.0390588019976,-1.74996623459955,-1.21630064638502,-1.26338762740273,-1.16870736218262
"UPEC_Nd_1 (GE) - TPM",-1.11218268072434,0.374069833447605,-1.27023592177406,-0.831720849232464,-1.30786973291566,0.537804502540063,0.265773333805916,-0.648450722076397,-0.710010188585551,-0.82885185166097,1.59616350381736,-0.305056654491071,-1.12815971208917,-1.04863033518922,-0.804664702106218,-0.939859732942437,-0.86770028294213,-1.01738900265832,1.41094753200969,1.39230817899446,-0.784794716672825,-1.05956629163017,-0.0891916238710869,-0.690698418480609,-1.08850001475005,-0.390582033056453,-0.612369095173919,-0.87553562080891,-1.02948437108361,-0.0733921527390703,-0.0498388752773472,0.123612067391555,-1.08552918361419,-0.959461770003131,0.0476783405972423,-0.984324759047497,-1.37454449003491,-0.910503627909439,-0.920007711306744,0.516627107047377,-0.695785136545751,-0.585196296080249,2.2320348080873,-0.875711288251269,-0.946001358137806,-0.495022790016118,-1.10466124710291,-1.08884240387,0.408715578968595,-0.978776776462706,-0.77925795967076,-0.904578843984584,0.304881956696432,2.57483634683552,1.22015762875584,-0.922660522171233,-0.994879738806191,-0.431199024604495,-0.955550747777731,-1.28878481394093,-0.968511524652849,-0.488114360002056,-0.998609483335704,-0.625454080553793,-0.863022466920165,0.27703941534483,-1.01689527429686,-0.952484293292849,-0.983442779267716,0.484498515008074,-0.509472464583894,-0.508898361433317,-0.616964039200668,0.310141023837882,-0.0382355588288715,-1.19815013724095,-0.801045352097461,-1.02339574893693,-0.91022039898783,-0.312935749533379,-0.490149456836496,-1.23411465852871,-1.07536371320604,-1.23278765469256,-0.925445184880171,-1.0866248849919,-1.18222940326326,-1.02742308367062,-0.714132347645314,0.201566105410919,-0.742097991423733,-0.238850466649184,0.0453707763519651,-0.303759363425773,-1.27990950829661,-0.916404076745581,-0.795070002640098,-0.63536488528473,0.645569775460574,-0.908898279736171,0.435736667572529,-0.561262043821778,-0.929705039567118,-0.846390776655301,-0.412068068894011,-1.35267680946029,-0.787833052737253,-0.69733189296029,-0.655502008290649,-1.07619491266982,-0.803345800220263,-0.501603491585755,-0.24371855449065,-0.84001197345535,0.527000642776988,-1.11882204847164,-1.00567028875029,-1.38914452373494,-1.07909697929805,-0.64263113835603,-1.02189869211162,-0.97377862644872,2.07342176846727,0.824670325204639,-0.808678376583641,-0.999589995835314,-0.141878200206696,-1.08313774027174,0.434098128420939,-0.825083609871769,-0.546710605968143,-0.960392269582943,-0.719115472823775,-0.972547522610081,-0.806382408552411,-0.994686524700769,-0.982280010863593,-0.950291802795359,-0.853363098429756,-0.798389323697783,-0.945782013945192,-1.03719874752583,-1.00366701801815,-0.742350540456433,-0.899982525000832,-1.01194890225945,-1.03056727662554,-0.841361544232077,-1.54088706873681,-1.09260911725532,-1.02789073490667,-1.2619563747294,-0.562579232213848,-0.966256719593195,-0.828018713072521,-1.18437346880577,-0.645788289213832,-0.29827353901356,-0.69588662737535,-0.644725497357631,-0.452317753254328,-0.574074408780245,-0.624459580889547,-0.673251616918438,-1.01970268101281,-0.522890087948089,-0.501996122547011,-0.869024318516196,2.08498999942174,-0.722425414261581,-0.747669497760496,-0.799470601114922,-1.06701666258064,-0.844122648870852,-0.519455824315512,-1.14907158978695,-0.714802166735539,-0.860348696553437,-0.979583215819527,-0.943407412809186,-0.5152219598093,0.13722026651482,-0.945893931444774,-0.379908225622156,-0.902771518947859,-0.92022095859121,-0.00973500434221802,0.367527006287188,1.35891870060934,-1.05551581484111,-1.16887868490032,-1.16770753101122,-0.7659648260655,-0.112523384617608,-0.850220801635495,-0.934470683854029,-0.241585737210413,-0.903097561902234,-0.562388851762568,-0.694309559447224,-0.720330715343433,-0.644976551868697,-0.127498604769535,-0.642459070323129,-0.684883180877847,0.374590018893239,-1.3722889212554,-0.903425525284736,-1.08397398583037,-0.764999867062629,-0.982810277242476,-0.923832192398349,-0.997637864054443,-1.42741210663416,-1.28507531995613,-0.891077838797288,-0.348856667439376,0.436225287529461,0.935168524645384,-1.07783623234849,-0.872971769524387,0.577356960359951,-1.00986770081286,0.461498676652476,-0.317926117787762,-0.404887513430948,-0.930775366878534,0.327129139669658,-0.478506083002338,-0.78268357371839,-0.323722959959399,-0.766468361910237,-0.658477385073842,-0.800313374474105,-0.911091695846336,-0.782782193817543,0.399299048595254,-0.69979520046896,-0.908183872896958,-0.636492038008689,-1.36906281458249,-1.02681862583531,-1.27517205887121,-1.14875908755179,-1.03434502205421,-1.19985946695204,-1.26835265609337,-0.981916398988562,-0.80401225707896,-0.942774255529419,-1.03207657662352,-1.02272948848309,-1.05230728136714,-1.16197017128335,-0.928053219989456,-1.2150423498468,-0.596616543727267,-1.01397765185619,-0.0347696186834749,1.23077366600143,-0.158609339210273,0.0282617290572211,-0.534818248506663,-0.453662304531114,-0.719401507700596,-1.04369552795581,-0.202476188358849,-0.675144620769566,-0.419716949653701,-0.65798962868896,-0.529812402588161,-0.849169434897693,-0.399198264160282,-0.593901811094101,-0.476350606328607,0.00126065231487337,-0.0468740946076009,1.20817393101309,-0.792694276657796,-0.560545258723879,-1.03081719528058,-0.267570674199806,-0.416158378954385,-0.486146048904955,-1.05991745227936,-0.261997629324635,-0.722937732661722,-0.893370593274433,-0.494379191875642,-0.931069180322382,-0.673545057353637,0.559729923212217,-0.841118886899823,-1.12491543722394,-0.336167910982805,-0.988129608708003,-0.994310546340123,-0.656635122736525,-0.660035379431579,-0.803507767499231,-1.10630403736617,-1.02365519081661,-1.14131690703404,-0.542244384873195,-0.123204648657872,-0.67410467244657,-0.96361660006676,-0.926645260069122,-0.815871203531312,-0.432052719213104,0.841793745231947,-0.829658529207325,-0.780039659547098,-0.547888262504946,0.383213755344493,-1.21164221540506,-0.876758928232636,-1.32641286385334,-1.14313368570071,-0.409040999170954,-0.0619475918260886,-0.0764100985193513,-0.67028340777191,-0.906349747763975,-1.02249934670074,-0.122373522091033,-0.701748316132457,-0.954541874511194,-1.35307733702589,-0.87014157549333,-0.610893408355417,-0.774613635819485,-0.325273569809163,-0.655649225231779,-0.79656518701695,0.640463521829057,-0.81881815764553,-0.126762633341568,-1.10816729800293,-1.01229156477473,-0.680282089411079,-1.1700402581403,-0.955362212291251,-0.947915625015613,0.700743124761621,-0.508537308115253,-0.559839264041313,-0.94548062445266,-0.506636676774359,-1.05907510604775
"UPEC_Nd_2 (GE) - TPM",-1.08907702749686,0.350730996887059,-0.768539207603517,-0.726012651411692,-1.45505286088034,-0.216012667276714,0.601611845403023,-0.325593305453135,-0.994987641128427,-0.777977451838464,-0.156463104041352,-0.13362561240016,-0.985943072350194,-0.931890834150814,-1.06228995649376,-0.616176933391921,-1.04782400406651,-1.02898327889032,-0.9532677152929,1.24118828543241,-0.731604589849628,-0.531104599702316,-0.228436863246866,-0.334189480404173,-0.903159282127726,-0.607603204482992,-0.247866924360671,-0.874577225312241,-1.09601156482177,-0.0487364634232137,-0.139047761941762,-0.0367132004419787,-0.922419089004878,-0.927465882574553,-1.24073346232467,-1.08812321728723,-1.14748611783361,-1.24620459474397,-0.912568444714073,0.623749079093851,-0.46915750006889,-0.372320002860303,1.47132326785136,-1.08215817584632,-1.00871858838742,-0.591004802869368,-0.383932756589507,-1.01017226051854,1.04511046572957,-0.451291570683204,-0.658934821983972,-0.574174671660148,0.101081125289349,1.59895318214887,0.767846507581246,-0.743079939649503,-1.02364108809554,-0.759502281335645,-0.564732927237409,-1.4770187277166,-1.02929105820875,-0.487910888090759,-1.02123433116109,-0.075252548986988,-0.248894014201623,0.302876637536203,-1.00019904318664,-1.29048927393695,-0.769524087924188,2.35779044341741,-0.403964233869286,-0.576868566730441,-0.616964039200668,0.0954311770553326,-0.555801013145507,-0.652229958616951,-0.887158679709346,-0.991597266794076,-1.07251901561572,-0.345513519528173,-0.495177159329381,-1.09292004774659,-1.05228734827825,-1.0334344624927,-0.0752451668084324,-1.07487369002521,-1.07277916215817,-1.01996360670447,-0.407498543388135,-0.354758592222431,-0.808316590261981,-0.640946887309872,-0.351535707496617,-0.733041561745757,-1.26147716893552,-0.710973807208854,-0.795417576132109,0.392129019905182,0.691990580729231,-0.867314617176956,-0.37217063322987,-0.291913439383899,-1.08197960978042,-1.0343884769975,-0.412068068894011,-1.10236656930008,-0.0922394688438449,-0.107656328033531,-0.426832765470744,-0.711782714236303,-0.553455869866203,-0.503383536442982,-0.0383164900270174,-1.33122842272534,-0.252328580568557,-1.18551475714537,-1.1980065246773,-1.15268997115037,-1.05431213686267,0.682684196092332,-0.942736927240443,-1.04512436721985,1.84584175483141,-0.412379106106005,-0.864033156644229,-1.15923436128286,0.341538873934575,-0.956272500867318,0.172068499831856,-0.833497422019418,-0.672193348288198,-0.966556345631792,-0.869196796617809,-0.994631672552308,-0.825842145650802,-1.02913091475052,-1.04116688295898,-1.00677826262608,-1.01411617472401,-0.821687833103297,-1.07204741030894,-1.04129573799392,-0.928026772928559,-0.742350540456433,-1.12924206338125,0.921944246723977,-1.32593840839047,-1.00798104345655,-1.44636489992244,-1.21012201098236,1.24264144176234,-0.141280535009555,-1.05350076567614,-0.695283675906969,-0.569206497860391,-0.910694559182685,0.147783332863138,-0.808327874953655,-0.589291304129929,-0.528812020725276,-0.348824544226929,-0.54866114475688,-0.442493671957215,-0.377483224277747,-0.975310765599474,-0.910367026075011,-0.703647721916761,-0.806617435049253,0.0235541040856229,-0.292217918393561,-1.11613046929972,-1.13742297163443,-0.511411552835693,0.0797927273588168,0.140859158444307,-1.08594748697076,-0.803104718718304,-0.868698359438504,-1.48739277110363,-0.718449145108072,0.0571651245592836,-0.0360014449099138,-0.913711529787636,0.684615873812602,-0.905177128041429,-0.997960378555735,-0.167413935365669,-0.306518786926326,-0.254543053286533,-1.22795656004392,-0.512544681328548,-0.9883739657409,-0.518450233228551,-0.242111725427481,-0.753159299053184,-0.801314456680503,-0.276403366064433,-0.0748462945456427,0.64891164362123,-0.876906302584305,-0.809584603805052,-0.683858858241006,-0.936371990953481,-0.593495552704187,-0.693666437023421,0.171578768261706,-1.28420390040675,-0.202531699595331,-1.10200444134217,-0.970222563898527,-0.751320124385834,-0.969660095115189,-0.999861688651136,-1.42787966763699,-1.173693226222,-0.12726730107028,-0.567940472496854,0.437266143219306,0.092964999778282,-1.3007897553408,-0.557529568773431,0.281489464863276,0.121088299197898,0.757138095261798,-0.59870219750706,-0.680753689293199,-0.621470598697487,0.801211388931885,-1.05330490362764,-0.770829234537372,-0.640837743376824,-0.958378111771779,-0.091169399749344,-0.345275906573403,-0.884684970462161,-0.51970619864991,-1.0948974079451,-0.813748988244831,-0.99029906205173,-0.365814670900448,-1.2164139808735,-1.08262265746758,-1.46317534430474,-1.1781407210356,-1.04571439468079,-1.18963499379473,-1.31004295044159,-1.10068730005259,-0.865601270303102,-0.985774251276018,-1.08528538931478,-1.06785457568651,-1.11859193363456,-1.18929891328566,-0.935891434935058,-1.24819786245012,-0.686191303417779,-0.997176178691406,-0.0798403525322093,0.567089309956905,-0.284782508812745,-0.506918451793354,-0.699195568530676,-0.202517099797832,-0.815951243659746,-1.07683321589973,-0.893012171013189,-0.644191525141769,-0.963925075260916,-0.510773232299881,-0.568851344905823,-0.125556584669296,-1.14990437061865,-0.904699182824642,-0.680005675113338,-0.34172961257344,-0.371863766077338,1.84463284832612,-0.857646476464503,-0.418265813541749,-1.02843607858513,1.20114276540076,-1.04802760785179,-0.4859652905001,-0.07577652200468,0.202755200227182,-0.675874938186164,-0.95371108196362,-0.0779635873251565,-1.06536081393501,-0.88532817725907,-0.450851979254905,-0.836429184582234,-1.33455601633715,-0.966039075912457,-0.811366650933798,-0.88080630852684,-0.712847684164603,-0.714731255106308,-0.903837022583147,-0.877537058727258,-0.629641725367689,-0.994966754101441,-0.706625499372713,-0.320587279528617,-0.93722331007537,-1.03652034197951,-1.03533148974043,-0.878855811590915,-1.0488473995319,0.222427160290646,-0.829539519119687,-0.904270468383118,-1.07333016645628,0.0626224194031916,-1.34148154104011,-0.85165215360973,-1.378322906309,-1.24039016100118,-0.630847265796859,0.390141469993996,-0.375820301007018,-0.890218221083956,-0.958148684212096,-1.0451368619805,-0.116305555462352,0.08247165312729,-0.671980187968314,-1.4406241824347,-1.19194761493863,-1.06736450233752,-1.07362562775733,-0.751364238613,-0.511706822834277,-0.967610339217113,0.832310247811278,-0.244703217184582,-0.399107112059304,-1.09675587151735,-0.820035440060039,-0.776609876133896,-0.902327976130582,-0.379282038461974,-0.676509905879253,0.613935286981739,-0.427101379314795,0.201502874803519,0.433821781530011,-0.610051361581475,-0.859425742414899
"UPEC_Nd_3 (GE) - TPM",-1.22254289982887,0.0778625399822337,-1.25701085360553,-0.843061251975554,-1.35282484797892,-0.371294667355657,0.706079576915357,-0.476596090902241,-0.946455409167223,-0.565009793859392,1.48048233848905,-0.0198080457565087,-1.04841737498089,-0.961324917998298,-0.757224188213103,-0.706714137755947,-0.679282912322559,-1.00091651381495,-0.872341171834359,0.267456559722377,-0.80168520051333,-1.54653335126449,0.589118954243923,-0.533409151792828,-0.611477211873559,-0.282518137187113,-0.857645972310024,-0.868764771123188,-1.1440397512447,0.0089441501299336,-0.106092069832757,-0.0264792579803821,-0.518403869952427,-0.95659551729639,-0.702082032815342,-1.06031195587461,-1.17821697816898,-1.17907959403921,-0.871260821270453,0.282829991836597,-0.861559845548378,2.46977172725889,0.741811237383161,-1.18122865175923,-0.943992932340948,0.0774376608554354,-0.831262342207402,-1.32976426552984,1.29783328627753,-0.563670648419034,-0.684423822099973,-0.537312454242412,-0.0970073586308233,1.28560612041137,1.05401535619647,-0.996747940370021,-1.06115460868013,-0.703773459732689,-0.941410080974468,-1.30402508771447,-0.644070227913584,-0.0607941213832006,-1.11046198204151,-0.149040200265493,-0.797877868196278,0.742827183181884,-0.739057099457497,-0.799730230625159,0.605712785271614,1.19680603896924,-0.36606592212064,-0.438715924332116,-0.616964039200668,-0.758024785261085,0.345888680739679,-1.23462639022221,-0.817132642836772,-0.993819759316315,-0.988408430041318,-0.01547039186735,-0.445778432447212,-1.16306487011247,-1.2363707466614,-0.798891274799903,0.639226530693797,-1.10401612499405,-1.10325454928642,-1.16274627954139,-0.645776562533518,-0.463033774661416,-0.900155430262387,0.38923155762244,-0.48146173833228,-0.845911082188153,-0.994877513907337,-0.706362315054039,-0.735483185768954,0.104809806429308,0.91021276207484,-0.568974701485726,1.76408787850796,-0.276432124968083,-1.02481409953579,-1.0343884769975,-0.412068068894011,-1.16344386870177,-0.687098034680104,0.194324693875913,-0.0877911945230444,-1.29695920479803,-0.264267709270045,-0.638907385275936,-0.651710069534931,-0.600768870036946,-0.200993643647467,-1.18551475714537,-1.1980065246773,-1.35576695427556,-0.967429523670111,-0.774234359115195,-1.05164678374356,-1.05931638485915,1.40951818727159,-0.433214946296767,-0.836454101597717,-0.944482948616867,0.3403997695639,-0.723245729298219,-0.180777907382655,-0.704680417467499,-1.05794273875728,-0.808017853645999,-0.904089821619873,-0.73264989521023,-0.797007687982532,-0.939018654545086,-0.979481825155095,-1.03308578697907,-0.926801939636358,-0.799701112323971,-0.923633736468579,-1.08053392349067,-1.04114619955878,-0.742350540456433,-1.34480665921228,0.229451272592137,-1.47600664477003,-0.993475254325113,-1.62225782381496,-1.20890501530876,-0.791358040980931,-0.803108496665933,-0.354386817911359,-0.850700393008631,-0.681381527070007,-1.06936324684264,0.00282287184690007,-1.13658612177742,-0.6183982240063,-0.399496415936305,-0.797871002814116,-0.484395360775127,-0.294737788047816,-0.404593022357817,-0.89940310935895,-0.999981568543611,-0.4427320307537,-0.835411150573759,-0.559253301901913,-0.534706081526132,-0.773433986018103,-0.123824109896865,-0.884104972487995,-1.02891999399146,-0.35924239155859,-0.736959852295294,-0.717477379278616,-0.881051856463208,-1.5105831962841,-0.582737950479413,-0.293754654425527,0.212598580398865,-0.836467301175588,0.702817013048655,-0.979813265922517,-0.938571287618266,0.555293287127048,0.600225649480605,0.865940084187341,-1.42684894305279,0.25309028744197,-1.1710408990884,-0.506452058652322,0.151203352967034,-0.517307152769629,-0.825204421267945,-0.430914264644929,-0.721433686205163,0.029783581797278,-0.662874387396513,-0.655223599512642,-0.696416422839334,-1.28696175031285,-0.594744276485961,-0.778850010298775,0.157643355143029,-0.827801627959575,0.29047937045481,-1.10848584432363,-0.170576085896522,-0.923525228340617,-0.972961766859449,-1.02421108082459,-1.44193599861073,-1.2756138643989,1.99550220357149,-0.477556924423069,1.93219730520276,0.358706803006302,-0.883688378746107,-0.84634768101884,0.662620017099622,-0.427529350207433,0.849571226863798,-0.328832190361283,-0.847885341719019,-0.75283038488981,1.44894600590175,-0.991744180428613,-1.00736607222166,-1.09896784322052,-0.621549059676388,-0.490116286015953,-1.04888406203954,-0.922436249304206,-0.319201600031089,-0.708007807135037,-0.722510771980491,-1.03157828956605,-1.04521593463503,-1.32602899065241,-0.998132467862717,-0.908053376606247,-1.2108134273293,-1.0314002115726,-1.2231455796793,-1.36078351471424,-1.08190486311873,-0.845128131693959,-0.996566543838213,-1.06352410709879,-1.04063132583203,-1.09866413686032,-1.17916256079557,-0.956323584532136,-1.25730758428121,-0.737074149974311,-1.01378965756682,-0.248871536858991,1.34353532650343,-1.49318322910287,-0.330909538181164,-0.078371813564958,-0.953864577342288,-0.672133908045512,-1.04263434287788,-0.602830063314217,-0.612895429461349,-0.562803383802552,-0.881042580898659,-0.552799339353087,1.79215647252463,-1.01016450805299,-0.939391109479454,-0.536159967421258,-0.338447087562087,-1.03575210923015,1.33631831887925,-0.816907700937219,-0.716323326548548,-0.591734227045771,-0.333652330570101,-0.691585449930847,-0.182565290177113,-0.405117814054695,-0.226587236582052,-0.519844361427205,-1.00691661895376,-0.0187444679389192,-1.0349347652777,-0.847540625475172,0.189391529421997,-0.837246946643309,-1.24038754933034,0.117436822521768,-1.03711402245789,-1.00469636645217,-0.71753516470722,-0.683713922872367,-1.08711554213337,-1.29285336714426,-0.943291605234778,-1.25312781354869,-0.474040236229494,-0.18362923029894,-1.03539390892388,-0.85821975265121,-0.76463262814837,-0.680406574875813,-0.771567064255204,0.773431122250754,-0.845891996628797,-0.807532468608942,-0.794627802870827,0.40836359728829,-1.43743439178412,-0.834968641397752,-0.840578091002858,-1.188907781134,-0.0190140266624914,0.034589071194203,-0.293852582363614,-0.906034099535699,-0.870226173856713,-0.985975100640374,1.90493435862644,0.089089431320988,-0.781901584435022,-1.47777054205736,-0.863604664941828,-1.30317185811945,-1.0258580284741,0.701751396757272,-0.508925498478245,-0.792343120924477,0.527681875408084,-0.827670017307834,0.476300703870492,-1.10823162182978,-0.89305727108987,-0.798306995496844,-0.756541685873447,-1.05997123973546,-0.702261412915282,0.615967315744457,-0.499036839061402,0.658076456638895,-0.322885383951502,-0.279810754760401,-0.995493667465968
"UPEC_Ns_1 (GE) - TPM",1.68325334848974,2.11179004870739,1.19053836538588,1.83662672389576,1.13100032212341,1.05825546237551,1.49414527056934,0.942478576094356,0.111579732189442,-0.0530997194464225,0.227790152058785,0.919680289932229,2.36117535737438,2.96780313209938,2.63786529869638,1.8647299404907,0.82837309623271,2.64032404029524,1.24548470604026,-0.823672210599308,1.92363866470759,2.07899756775938,1.48730948173119,1.40297811593873,1.6529472371578,1.31823352198509,0.834791425341169,2.20987863625183,2.11897109734317,1.83151561043481,2.26252417506927,3.45609631313386,0.523256319012438,2.23998155412102,0.203553613047215,2.70681390714542,1.91270811951363,0.989517211984211,1.64405986712089,1.65243181764181,1.33507885729114,0.28307796933097,-1.33503805615496,0.974539063076256,0.865968200294811,1.73866781622135,1.88949631837556,1.32336794606317,0.0865094223204498,2.03352361963205,2.31355032965132,1.481767919252,1.39553213712739,-1.45515398515146,1.04592479987253,0.371887529089554,1.95913808941079,2.52453757223686,1.40277907903624,0.227467987077072,1.24188441064865,0.871670421025895,1.03323942228001,0.886698983571794,0.829646471614062,1.72127892545778,1.47717666314584,1.66158707334682,1.39896351913359,-0.701881813828052,3.35593702707195,0.7954275903979,0.102907039900754,0.497026745518843,1.34450252824143,1.54249090331683,0.191076343308846,1.14190845672442,0.418057737476201,1.43709259163073,2.79278938831294,2.0609709624554,1.07594665030024,1.18567894710259,1.95531061546724,2.14928408555301,2.73166018808774,1.50165315285117,1.00415826462586,0.141557213471033,0.822496822948872,0.706742516801865,0.554647217719952,0.913884362002682,1.38509635711831,2.14794967468965,1.09251095611131,1.53097295531042,0.245977624372605,0.266558865176924,0.338242487708748,1.48469305553406,0.735625179235508,1.48812550767635,3.4872972291674,1.00998502869844,-1.30846964254692,0.872949116393932,1.54387998106364,0.642577471397956,0.380873326158422,1.51384959979634,0.972089082295815,1.93041286412098,1.32408173459308,1.40559809835154,0.727909558074443,2.3536223395535,1.35917442836392,0.917176638015063,1.54848557495649,1.93331698203741,-1.31314176945849,0.44212335071019,2.46615005032799,0.926305228234439,2.03677170037839,2.64763010585361,1.49017928412422,2.91328913394882,-0.750796189415112,0.604877595077002,-0.589215912640179,0.0726508059386068,0.257535978929956,0.735866356247248,0.400949976254258,0.155111183954057,1.0462552095856,0.489524492942482,1.39033464753258,-0.122422803636946,-0.290567317482245,1.00661402524813,0.370554959209283,-2.18006425250304,0.739966995235661,1.6572831557201,1.31107084273555,0.72866049802897,1.2050978721551,0.583663701036779,0.862914343703691,0.515282702881247,2.77568880265252,1.85827155540832,1.39296628790483,-1.21188045825387,1.73352239696241,2.46140415118622,2.15860977034964,3.03876989454647,3.15075951622198,3.74953115794207,1.41582587818592,2.19846646173276,3.27472118913225,2.7097146448419,0.351639149603911,0.780711227203893,0.12418513545728,1.26209135202795,1.66876545657468,0.441610465615136,2.63298393660934,2.04351177192607,0.131255868511904,3.76249267572339,2.49658083903398,2.0568605590178,2.25416607246249,0.962535734270032,1.63945266460476,1.04950066903538,2.01263205827361,0.115019041479368,0.749047905267652,0.824454145244615,0.917209003094386,1.88359794783143,0.560361312538213,2.21623855848001,1.06833000366369,0.725805668552807,2.00125366721131,2.25965432627434,1.40474841624872,1.05230036412172,1.1720651357544,2.53254366450361,1.11152686503725,1.20585426780401,1.96432021693624,2.36455756110868,3.87594958151597,0.680173968976477,-0.174577778444413,1.08760929138037,2.91701698047173,0.743093020345001,0.608860979629512,1.34246376562418,2.64720012091105,1.48733670865631,1.30218659808579,1.94705565396632,1.12300463273984,0.502033011398284,1.89964483921547,1.62798677580046,0.057493708733376,1.43133237890282,0.475335244881246,0.855712998558406,2.84414917014766,1.83581004161488,1.08633599062162,0.91081936027115,-0.137178640796895,0.611083892486395,0.795937497150268,1.51836515151404,3.15726633671608,1.16691921289772,1.73796576540678,0.9036750654546,0.241758945905372,3.75780714096339,3.06729778097908,1.04848762137889,1.953245807438,3.43816715731371,1.60084971356631,2.40979108981688,2.94492719125403,2.07677580505496,0.443876185819292,2.72497950702397,4.19794415010906,3.27288358107787,2.55452475532146,3.90919127265428,3.90903139730157,2.99503747150754,2.7064630858489,1.78422355715413,3.39194937947528,3.66167012575902,1.65057680579325,1.07481409990501,0.751877808816872,1.80347875384861,0.97574315381727,1.4214568511827,2.32667628067937,2.70946561505805,0.802249034057065,1.79855019942571,-0.0649695664617624,0.664533248546475,1.43726756481649,0.180732742891107,0.379882700850475,0.529437594965759,0.618136923457481,1.07101492794091,0.0508359705360194,-2.10339511869789,2.04300780434929,1.27771509643559,2.79637060688954,1.06823421267594,0.635461329979869,0.837418059650383,2.09355521198547,0.938205127946253,1.4922984013181,1.16269090107213,0.725396899116525,1.12818698166202,0.963558164483738,0.68071833512214,0.895471497967013,0.90238215848184,-0.137067749225808,3.31619022882462,3.17366796201514,2.29884469484401,2.01618362066049,2.42976190913863,0.408847805719719,2.0522678501212,1.55047974056811,-0.362432534797262,1.56337223370522,0.390071959526897,1.31341738750054,1.76557469857891,0.762875160589154,0.193887199543531,0.882490970536163,0.595421720137209,1.29500363176626,1.64415480961163,2.63341543746307,2.05363950418928,2.184795086937,2.4646850583997,2.66547416293042,1.33837617033193,0.75612732201348,0.400130329643846,2.19407535696259,2.55612882400462,1.90404591418604,1.94953486649295,1.06658047153178,0.919134403756179,1.29601139918023,1.05219454906942,2.50607102753528,2.45140490388341,-0.36690356803762,2.11064294201508,0.728483533486251,-1.136937930124,1.66247855990672,1.02665248093156,0.854212382225487,1.34996543148184,0.594291572214706,1.57074735182692,0.791606966682467,2.42140734142493,-0.163104072155579,0.446677367210394,0.0940133333708312,0.626609864463155,1.41445862886462,2.73144775376587
"UPEC_Ns_2 (GE) - TPM",1.95281012033824,3.29092085289215,1.41332705212806,1.57833891468434,1.5737480534685,0.879495815381615,1.15213202354714,0.932364725890966,0.0517119716193033,-0.38661311161285,0.547415501491315,0.424310057716131,0.594027553087149,0.766665145566029,0.819242667309744,1.1731728605764,2.25034869278354,1.3939824720278,1.24585339200071,-0.895371716198453,0.901339655000311,0.0583795410477462,1.04571787269688,0.87802807153862,1.08269043146155,1.46354757560853,0.808865327696951,0.828578685940392,0.906443133670085,0.965264423533343,1.57183824161689,1.56839402650592,0.834098965550169,0.572335231801024,0.0247684878894165,1.4995507089273,1.343436760907,0.144416668271609,1.69497310999298,2.26034809513066,0.571437921994283,0.759514142357792,-0.972882525118617,0.24879409516796,0.484262200170003,1.48361775667898,1.439203328754,1.45240144497234,1.58176420813521,1.10298129307366,1.19063785056907,1.54409901737442,1.03197754219549,-1.25076095799111,-0.0287653136106536,1.03660839196729,0.872429038343944,0.730336210297566,0.190836196866551,-0.0952176465036355,2.33633308849478,0.706845471378185,0.453425121056326,0.378094512351669,0.802747815741266,1.9061297916436,0.456020111351583,1.33209831308022,0.475904994325612,0.595621540652493,1.5528144474712,0.399982121939545,0.0101495928615356,1.45520042856071,1.09831946246617,0.944289691302468,0.802118964013495,1.3140647472551,0.31908941402705,0.505747828769573,1.86900451308575,0.838294043497892,1.34701570751883,0.491527497299744,1.6899725561888,0.953278674005475,1.56611109237365,0.696365916805918,1.38347230966244,0.188686219109481,0.633242353858517,0.00410348816563549,0.256941247028009,0.316667223141184,1.71744888133048,1.76559201092323,1.34087668982621,1.92959299138352,2.49392491997509,1.30858707790883,0.185624433090229,0.791261726917026,-0.35301507215702,1.29018547627372,-0.412068068894011,0.295573970945227,-0.159842740959923,0.651762421207169,1.1458698206643,1.2359284749822,-0.0983103864042093,1.55757818643292,1.65792222312332,1.57088199916448,1.73099734679842,-0.085982630799052,0.0351443472806193,0.353201951236557,1.21886301647052,0.86043705477641,0.5546936186834,1.14522325065399,-0.94983556655789,-0.0347647259839023,1.34793705526945,0.331811920019384,1.06698761793776,1.54924580222751,1.32654285967778,1.85220897978494,-0.511654319075969,0.137508141756515,-0.275818358831858,1.56081546933937,0.392200969488563,1.11428469450482,0.225035634812188,0.115907093351816,0.872696083242294,0.19088830035595,1.41901693917645,0.0175978658592593,-0.394637529921476,0.0871679985871141,-0.133204088436841,-1.20367428983444,0.396866839319289,1.4470901651513,0.960998395937886,-0.184213477861473,1.73210627854567,1.13634573987634,1.54609919387678,0.316525468675919,1.43859958173675,1.5442550662036,0.568593141480778,-0.866419599608248,3.12867272369264,2.99561856569508,0.265916570151586,-0.00587674452774327,0.124638529478066,0.303264352242345,0.797084048705532,0.954072733396592,0.954645066003106,1.37953975132614,0.394091754241317,1.92141557410501,1.1825604753904,2.20056211058281,1.97975302929993,1.50759753485508,2.11734514378813,1.03940989331811,0.212944221694308,1.39411501001814,0.514668968758765,1.06465817431558,1.19801472110606,1.42396467575921,0.936040126354642,0.459281138680337,1.33057315213868,-0.175970712625072,0.94058169944267,0.338517027199225,1.38886146853664,-0.0277875553367074,0.91007005698187,0.793108593869274,1.09676356085097,0.48492113057979,2.64165062228953,2.82758727487649,1.23868082825703,0.489753804896346,1.22799910599595,1.24052118859319,0.879986329060602,2.10516679828323,0.0487288356859707,0.573353053465673,0.908647190789372,0.0274448141319769,0.529483699136948,0.660780829906543,1.26397701218563,1.21534782446146,0.943055602098993,0.777962423783536,1.38300039514026,0.435811311102212,0.320664483942018,-0.221460872246466,0.537053160530337,0.760737019470599,0.782037743294471,-0.0190434183674467,-0.101430031410655,1.73716553830644,0.355927214789933,0.585576690544827,1.91145517163369,1.94164674581965,0.1667370433244,0.0788166408229321,1.37927877877029,1.20955498868056,-0.148553727709634,2.32636705138855,2.36924143991332,1.07834782534239,0.627877689553139,0.490183770479746,0.731749473747693,2.7290821177182,1.29043464905655,0.66541358547974,0.240708970033894,0.658757610051326,0.247280143044797,0.504767612173877,2.06627494756175,1.40174693739159,0.329441326707346,0.39124787326718,0.622857994942241,0.11631665300006,-0.00430422763059818,0.972351394015654,1.18168851988646,0.395351156651562,0.766977322356912,0.569074929524141,1.17838361720644,1.28275550825106,0.560065289581596,1.1304005224254,-0.433803206480686,1.56388079751478,1.10184464704519,0.635503275137063,1.88916203100042,1.69806680513648,1.19225518202569,0.013970914564253,0.00394856611501577,-0.343056704976081,-0.0818767934304993,0.0178124604241993,0.81595388087045,1.97877410267585,0.377381439228217,0.13422074805643,0.0284030891588965,-1.56396642124814,1.1249435293015,1.87461979986274,1.65726970325132,1.17523598310827,0.873935263664462,0.525839702651998,1.07130812149072,1.73283552374035,0.41140547773489,0.681775122437115,0.676914973174375,0.97138701626657,0.157880335652494,0.18923873672404,-0.126842934017756,0.85228541695863,-0.528724379498165,1.39570866228058,1.46613487902516,0.854992070570841,0.070812661441883,1.25022948079038,0.809977886265915,1.64004627066717,1.47847709642248,-0.165983855367553,0.499148600136108,1.00608088519526,0.232102533491131,0.630569989865045,0.165022646391686,0.0384156954372792,1.28864255402954,-0.171361298460657,0.298208533924597,0.875924465093422,0.789908793638015,2.14290570261457,1.75667630335608,1.43572295832071,1.26098911583818,0.904138516601744,0.778647457461805,1.15045017603202,1.66816332423141,1.433268745807,1.61386050413654,0.0989767874502633,2.34200830862863,1.36977825623929,0.362929448997809,1.07375107435654,1.54310360064273,1.2508224286654,0.437674642554618,1.6144884006392,2.24502889916333,-1.11382183160735,1.21477445360102,1.28643713972271,0.705082448602971,0.972270681766355,1.84907826792959,0.930822202546514,0.634900946466331,1.68491647445455,0.25948655442163,0.467920314765191,1.31168373394004,0.0184595805102163,1.94028217476503,1.700790440176
"UPEC_Ns_3 (GE) - TPM",1.87049047710926,1.1641675632589,2.15370423975973,0.721900717068128,1.34379106181128,0.825999443033878,0.503068878227696,0.155162022769017,0.0123009574457802,-0.133773921739754,1.13305523640974,0.473086978478564,1.22611890570614,2.10878133157355,0.699834771529111,0.546293861765418,2.25529830098683,0.772357778988508,1.55710220370041,-1.04322869021033,0.906169537509495,0.627262987626322,1.70777785701268,0.272473112140804,0.836923851615691,0.495633846149896,0.322844844453482,0.660265320213963,-0.224465227395055,1.45055125071294,1.21399422863815,0.849408367355239,0.345180529896684,0.994479609871306,-0.276236331980199,1.52293699304788,0.653603127550038,0.755154035906866,1.40708876474407,0.620963260234856,0.525193216232755,0.455554959289568,-0.767293074347786,0.801035013201672,0.61465191604305,1.62861476747017,0.529392074048658,0.89962630267835,0.426550570533938,0.224244582605886,0.686275449227077,0.766975459756846,0.608432459773107,-1.17782333951085,0.758341157477876,0.699172505396688,0.224023427652879,-0.130596283734318,1.1688796526377,0.608775689824599,1.90327092646886,0.157001870310263,-0.374177923184153,0.286897217680637,0.170252541381979,1.61311171562006,0.032325051837191,0.692327658560581,1.43522309598273,-0.394077958787519,0.858333903079085,0.167608378754563,-0.357093302637136,0.674846559273592,0.448002465051435,0.38738140492455,0.713708435327496,1.35318111142116,0.0716867494142306,0.836886290335493,1.81377791056877,0.599186654955853,0.859654341913332,-0.00966309745742992,2.10726588151408,1.78554170017449,1.04804276946491,1.24528128855844,1.07697401511127,0.232686955868131,0.244776124379246,0.584158523746506,0.872425541046009,-0.0432168987705903,1.10836082492045,1.4466381582218,0.736069208778835,3.13843987883541,0.511536059426024,1.4256621663247,0.678622021064134,0.427925130542377,-0.637993692989451,0.107281859936784,-0.412068068894011,0.278880222573652,-0.786325072276895,0.161761509569381,-0.360389549612368,-0.269339687893169,0.186046637976526,1.36740707542798,1.44116911183378,1.23800729950121,1.33874002801218,0.344525804005651,1.00824846382226,-0.71030728625967,0.958998497966538,1.22788439227165,0.358071105053182,0.687310649129926,-0.0616509647341045,-0.193174742620381,1.30044563585632,0.300045539670989,0.9622311319455,2.40892611426474,0.513554786973543,1.12404174893321,-0.79922567284389,-0.130431111440518,-0.358036271086031,1.30517039054166,0.276387118745526,1.48244994498795,0.576581510844222,0.768182309012468,0.275457716550329,0.404104457482314,1.85246184817199,-0.314430282086037,-0.282469015004943,0.567156762339225,0.394340955247793,-2.12172825549344,1.09155354135593,1.43617310234204,0.0681686864546335,0.149586509164333,2.06150146543997,-0.293391584662125,1.59149100156067,-0.402094552457213,1.2240108195802,0.899134465911749,0.574728337108473,-0.942208281494149,1.16211654078267,1.17644022447492,0.724168813961183,2.394542231464,2.47778698682974,2.2460743650086,0.842008968126308,0.646348087678582,0.226385403886891,0.636776424062553,0.301333340726254,0.457459331362769,0.259215200274348,0.303982348760325,0.606462141396384,-1.01472483134501,1.34867567804408,1.15645258652423,0.355170750703453,2.09910618293457,-0.436140959176499,0.717273213962699,1.17110660885626,0.129217127533876,1.21360472518003,0.321091418396862,1.82738775932324,-0.255542170520357,0.883507650569642,0.418408001765674,0.893525547752107,-0.0495852778657625,1.55873976611662,0.412744853624447,0.319959468433752,0.834470087535298,1.96755916785389,1.86862430959544,1.11396589457402,-0.471721314891423,0.507359576477693,0.119567047561809,-0.154167517370183,1.23667709794278,0.307957212714173,0.330424511697153,0.577470113928896,0.91272581889775,0.190847030456002,0.0500876727205003,0.332127557355507,0.505109070802851,0.201325383762239,-0.000830171482591733,1.64300362093493,0.666729384636237,0.723345130797419,1.27187256721875,0.506869257685429,0.74423204187619,0.228393571892135,1.18095554881416,-0.393597778107686,1.40049378464288,1.4139392283388,2.16531440260516,2.00424310368032,2.70172667819579,2.03359600307545,0.264903786816,0.927480067203266,1.18814065389402,-1.16362966202278,1.80847954112431,1.70063426786565,-0.559968199762969,0.0681840163640003,-0.096648727195454,-0.388256510135022,0.842061987100007,0.394007918854327,0.262584016119254,0.123358559609172,1.98207418948911,0.282874806832425,1.07533176063481,1.6118094064799,0.692057976800887,-0.015862482438848,2.55640747788323,1.58716052054281,1.5366170717107,0.972986708389054,1.30980276521575,0.936596246313813,0.34585257370381,0.719940126659894,0.577113503037655,1.98577403706045,1.38183106127666,-0.0665678816772268,0.703763451721206,0.487937652798476,1.44561225484942,0.0586634173124697,1.28731719631734,0.441577710331349,0.387628575871134,0.595220267572048,2.01917782966119,0.125377891373553,0.593915651599343,0.730435964015557,-0.993375025171292,1.21811184244192,1.49392081698118,0.879927696378088,1.20657442538655,0.160608161830607,-1.59862779567052,1.16373360959373,0.592049641444506,0.528192318575774,0.707459415226966,1.24848125761049,0.356389633507295,0.25725593535031,2.26333605519231,0.254419935394128,0.971516328850711,0.124816997380082,0.375208972405486,-0.0669626436784149,0.561887121217749,0.0872985618491549,1.35239225591511,-0.0832357483360776,0.93442172802913,1.20806769208816,2.23794893995939,1.16060879378891,1.55444710209059,-0.0563080753566251,1.53789039005931,0.195726284385182,-0.110483547938894,1.2193246080788,0.974256140093579,-0.132038489214598,0.555060838456154,0.205796494156117,0.232615467548124,1.10324261761489,-0.120017152892729,1.02164752667944,1.92478716052846,0.601904813637066,0.842588332875482,1.633534296835,2.21222414755939,2.25692147155752,0.850166967434458,0.521768104849675,0.953070499614416,1.33209047579047,1.22337487712936,1.50781873262001,1.28825989153078,0.255935203137965,0.771519752783102,1.10643345238589,0.402334831757778,1.3568240929703,1.64275511252991,0.775815034246789,1.19169814201909,0.941101366125851,-0.959830263562038,1.31445063239561,0.988264316592165,1.46918250770453,0.975870835957659,1.03391224209219,0.408890039361134,0.0809748218945037,1.07770330804639,-0.0639290766011945,0.0373349806369545,1.38081649168283,0.861629841891742,1.60710498660198,0.905405561798256
"UPEC_Oss_1 (GE) - TPM",0.834902325118548,0.39258672847183,0.824841531648967,0.94020279378137,0.885738694089078,2.0952436471754,1.05396379125893,2.38691255861692,1.5290906710215,1.927489545363,0.669078173381587,1.49775421850933,1.46047821940623,1.53777626173789,1.39113822642733,1.07271699927049,0.371373140332822,1.33137844019858,0.173577687183272,-0.458982431285544,1.52311578330758,1.72753900193094,1.65886627786859,2.21968863954308,1.3919017798258,0.84046889324682,0.795717235572578,2.44715009185969,1.51146907847663,1.57252615798817,1.82352454147801,1.93189560964339,1.23974810233122,2.28327045733077,1.249794111318,1.42170059649544,1.48628783564286,1.26562953290162,1.66766283606888,0.48041541183087,1.73655318982356,0.256620359667625,-0.796833519857428,0.675866202947652,0.930817275343791,2.26067369001995,0.81751042417283,1.58841589301015,0.197326601583233,1.4284112020968,1.26349460812705,1.00198534462203,1.42687371000234,-1.34063354083231,2.08982676489907,1.51695316413961,2.22755098302506,2.09220100863079,2.26100590678391,0.544898379167194,1.11514697011125,1.08326323847131,1.35839830704338,1.22262795503649,1.46925434801991,0.727873232752446,2.15652413239042,1.83920465837136,0.481187134360024,-1.42391181304986,1.70595120690281,2.42558264931017,1.57986243054993,0.559335153621609,1.93509501489348,1.15470414700449,1.31687338052605,1.7198033978568,0.58304658115078,2.45725491109363,2.20625029440632,2.4468671675558,1.51400349250156,1.57537886376293,1.22171474264282,1.50907407581129,1.90554275051007,1.7470723576175,0.966712206075669,3.09270134791374,1.51889993924224,1.90402609958925,2.11399140438134,1.45868952406899,1.46617850649715,1.06067217160546,0.76333728747822,0.0424307602460692,0.0595978014069987,1.5656966203291,2.61451607393099,1.38490972130733,1.68431227165471,1.92080880093084,1.04079872093145,2.11687674279443,-1.11841516265254,1.82311266948141,2.12562440334078,0.92918443934782,2.08258800318714,1.39730358780736,0.803725103307117,0.814859180698392,1.16952244809002,1.9861195497883,2.36118133041606,2.98396137911694,1.06199105452603,0.547477139653475,1.23738693528399,1.3533018976783,-1.10349141369656,1.57271025374467,1.68508660803132,1.17844414886476,0.646247157341116,1.35144627823052,1.87298717082762,0.954147766623768,1.63775296651229,1.50090963586303,1.8333547581673,1.22904112709134,0.958313073147041,1.04695279748914,0.932351160083006,1.70529557422849,1.1929493812164,2.230619251055,1.3588727083893,1.28210838614627,2.32967240937162,2.07662925920765,1.60425713663411,-0.917330928088835,1.35890223331103,0.834292613761712,1.83230844526342,0.4844083785469,0.291108877632506,0.854248228853698,0.624951899793197,2.42816440350414,1.52184831700507,1.34503030323822,1.20819769930073,-0.98753108067953,1.15454949916602,1.48201910084459,3.26265775447902,1.64684142499375,2.37320187920269,2.2972626149586,1.95634981507042,1.85703809669508,2.27173192819457,1.71739232466938,1.09780721065629,0.420630566819667,1.70712270541857,1.71840618320833,0.843339516686704,1.02317924660502,2.01091514585923,1.21932390260947,0.702131966541123,0.933512062623689,0.958923433499406,0.598585234129137,2.24411008177013,2.09069863263945,2.24182942815821,1.18289222510589,1.18040970901926,1.0913203625702,1.37588591820344,1.72218773994884,0.723880642486942,0.923570550751591,0.0286091887030591,1.55075507527749,1.24993461367663,0.768045116323267,1.1133916506322,0.865792357310142,0.559725823457394,1.00676160612659,0.67831087815586,1.08453529502502,1.28387055830485,1.03702563904523,1.38264039852377,1.22299920076167,1.96428800920412,1.59389740402081,1.38778297107475,1.79251898423867,1.55388536110132,2.01460039131328,1.51245013867748,1.37238034459864,1.71370152651111,1.60945731851133,1.48361382230683,1.52597773458624,1.22046728729984,0.682848700179943,1.37521975053078,2.07588246645205,1.6684560600473,0.444951918160336,1.50050258475595,0.745569653537104,1.66812984849895,1.47699665894179,1.39727687952041,2.25324625716739,-0.468791771960607,1.0099595470277,0.100231797654755,1.18183988059899,1.03065512485239,2.10934166740561,1.99380528069493,1.16169579669854,3.9603623212394,1.81887783111905,2.78855005522473,0.33392331238843,2.34586823171108,1.23046150960761,1.29745544044894,1.67929728342475,1.4490066524724,1.64245809301232,2.01208227473494,2.01467751358359,1.74459866528388,2.11122108550596,2.58138300504977,1.75493235525663,1.68132399470408,2.33688850697533,1.81069536266111,2.14833268923494,1.42041438414047,2.07041216731922,1.71818155527269,1.02715668056322,1.16233614127694,0.906889216127712,1.53688911564143,2.16597808197538,1.53839208516966,1.70627026751248,1.53770163299818,1.47988206716106,1.85976626403434,2.53643402758807,1.53199954150279,1.03238942454369,1.70654348770563,1.35064629007031,0.591281225392603,2.33217388121054,0.64195998705234,-0.807151639259841,3.35025120615282,1.50619141987421,1.48540486156191,0.990862296005857,3.00771326888071,1.61905865547395,2.27667124996285,1.07889457942513,1.82025866036564,1.94685854996883,0.829479532594953,1.76948648127943,2.1071328704763,1.76278656695213,0.757669563180164,1.64385202645357,1.28259461831741,1.02114497574416,1.16309869555749,1.28863440791133,2.84920965582549,1.28640232073172,1.86356636476579,1.23766683486892,0.287227235519845,2.75943979225702,1.74720424547816,0.169230724084721,1.44636789981982,1.55366729374513,2.25174682607668,1.79339488066905,2.33819191595056,1.61367003216777,2.87480387338477,0.840667956110961,2.45599129444707,1.30087272106582,1.50216684880753,0.706553409808651,1.3944046785703,0.452770750303886,0.99049535338963,2.07474568316778,0.978481291092481,2.085487062779,1.63877588512071,1.29459800816079,0.250849337886325,0.775725076244651,1.60294065434978,2.08379300150447,1.31821003887513,0.720763490510102,0.695973798045944,2.26992123260227,0.0290879891639681,-1.30607774813596,1.04819455743116,1.00424980553692,0.273697535617417,0.994827984671785,0.834808652031505,2.15415170637714,0.883707893322441,1.0354322856004,1.10524212981739,1.16019443075244,0.339118207511699,1.5673390362547,0.600306806163252,1.59383851160369
"UPEC_Oss_2 (GE) - TPM",0.326732937645801,0.253333229121589,0.0101911575538891,0.65747619240303,0.35123890636228,0.925750655142059,0.742839066030394,1.86816133750217,0.82827622333736,0.55914920248394,1.08685368409025,1.38728772139093,0.0997583015902196,0.00766978319759189,0.468878558752815,0.732014140781037,0.641582137529628,-0.0190124329903972,0.392168100917403,-0.211793630830826,0.616448170594052,0.311551257365374,0.838081964014896,1.72171634004547,0.662191950596689,0.81750803949042,0.585228245734174,0.626102242860527,1.05243410345041,0.769332395388913,0.724630104524514,0.544009564116674,0.437096717985749,0.642248745980382,0.986235769106835,0.0657452690526116,0.929858036412131,0.273223275117999,0.831009984593992,0.895103637635281,0.310903756296179,0.765852695309235,0.116458320281692,2.31327076170657,0.365622498229253,1.13937420887023,1.41521965325085,1.20446056985657,1.60191013353162,0.0377996508642309,0.294814610417483,0.503381204623323,0.512103437883204,-0.353124861474528,1.38241679401768,2.03082637668915,0.622539323928982,0.862972089305102,0.925404892425837,-0.0300224599271144,1.51803952097252,1.69355281776543,1.58463795077655,0.853325070718499,1.18084777433451,0.87913013669957,0.703882525569975,0.982456199200679,-0.00194396535380528,-1.41009385107681,0.638072798488591,0.937730044550745,0.464887125482903,1.46840070300259,2.05938180507731,0.186003690480159,1.33684813882371,1.41434455091725,0.665591030921846,1.59882853883188,0.778281868695803,1.21551919009312,0.855935187037486,0.846134234476105,0.349760094933099,0.112270271899813,0.420348110488823,0.684763207526269,1.58153076826077,1.11134271992788,0.365932853216705,1.75757935828251,2.35403530944657,0.828537447036826,1.86568484829523,0.731676491097716,1.29234470656176,0.170410736101957,0.76770203460417,1.37619631536879,1.7462326234051,0.864047644629017,0.796837630776504,2.61632404829864,-0.412068068894011,1.81097000846959,-0.535750033182115,0.848569400127416,1.15420717362229,0.684163533204143,0.442000784319669,0.558474272219824,2.08420166167986,0.28284329113245,0.948687520362762,0.573866988666468,-0.246648227514655,0.871785441936259,0.753386945483762,0.934503061514098,0.16756590003898,0.168203123568567,-0.929028345248108,0.850441998839569,0.850278945866565,2.44643625979294,-0.645112793604282,0.333970063893022,1.17800004154827,-0.0151693716044709,0.253246608578188,0.488672090907749,1.27313798599709,1.3934335153916,0.45488942068677,0.64252202589121,0.459895138538245,0.680518910589437,0.746311926096248,1.73158268619612,0.939364995049834,0.450084116081373,1.21093048977094,2.27969088403312,0.0971084769942252,-0.748446826740348,1.54291189155409,1.14840498549026,1.59785525036301,1.21144813335321,0.845082128199857,0.34108279818097,1.59143978566767,2.42873560194959,0.746334107459152,1.29911144284428,0.796349995733225,-0.202343362361976,1.603211304262,1.36116990089221,0.151695692408056,-0.379847084604873,-0.294543509401078,-0.127651201621369,0.889475302808011,0.0485141295444772,1.09832166037825,0.901413578113487,1.30610197410982,0.941944075717231,1.40171967600553,1.88844577086724,1.30958193246209,2.30538417037431,0.667503659696927,0.547134752430723,0.886640395348524,-0.0180850547848301,-0.352089248171165,-0.172084684267703,0.712546548314631,1.03412646711422,0.885392766486624,1.31120026902457,0.175789348232518,0.715925599480548,0.745890901883128,0.939247327753733,0.738101954931785,-0.0160054995695299,0.0232764324974441,-0.0225405158002619,0.832540970631212,0.209361706372948,0.723207010529571,0.745111724200834,0.340355598753752,0.886018831497738,0.525773299298498,0.812448383450679,0.644641956278081,2.36364829634663,0.562737295575788,-0.0733797190017808,-0.0674360923785313,1.56722100897576,1.31682534552914,1.55199488195065,0.260412491216262,1.86057989139526,1.19545162082499,0.602631806096578,0.653821533500063,1.25398032294889,1.07661697620026,1.14882958679278,0.969608373498428,0.20864986944853,1.70061280348945,1.31860430031841,1.5800842892728,0.421229759557845,0.979901067300772,0.0485920540199053,0.586883505544394,0.896969450215378,0.839988287263632,0.850393877797546,0.462261213117699,0.440925312217108,0.467792554862597,1.04052646922355,0.378597806196574,1.34308579281758,0.567178819508389,0.0411600518092608,1.19032667070274,0.2423817578282,0.682462213953686,1.16825823483554,0.459595256314992,-0.301926697132511,-0.501588025357885,0.0180934370270881,-0.0837435726916855,0.619134560946574,0.945229003156227,-0.108167617799617,-0.156193084919013,-0.0619282723817053,-0.066432567877485,-0.220143035240286,-0.0184420504966139,0.0221621115291252,-0.0759447716218517,0.0493751588186924,0.146033413351642,0.177483197220036,1.24070452277968,0.858530646149834,1.83188656524414,0.54266730842576,1.09997105543771,1.24470111053859,0.911538707111241,0.620817185933879,1.45322957494882,0.132714872281729,1.1304329390724,0.67174055541251,0.0949353252835338,2.36812394092652,1.30000878681349,2.31537366307546,0.375422919401112,0.980787976875158,0.0343555643466947,0.222478476999947,1.36718916126094,1.76546136366087,0.317227153220145,1.62242813546511,2.40505254901602,1.64761833081613,0.525915763856258,2.21759990911577,1.36245503941911,0.99448397464463,0.916183391729555,0.971554774224152,1.15612570213781,0.905884916263458,-0.160878794588788,1.25230123418805,0.51190867070292,0.136965803915692,0.152710249727873,0.211965384800597,0.342804594426606,1.05245510886395,1.01306529981591,0.0318810877301683,0.427611198252183,1.82337116942325,0.644304723566779,0.26887056047888,0.107064364502067,0.467682894942051,1.71408540660481,1.2899458388864,1.82134648005897,0.353220907675327,0.6161256911294,-0.139448675411077,0.905694634632983,0.734300861834967,0.730314481511039,-0.010818105466173,0.232570683300349,0.48653956235415,1.34909933048167,2.2380104001821,0.581374699737336,1.2999898065375,1.31352390733764,-0.0929621707331944,0.233083864463565,1.33217461447917,1.47712291532686,0.810713467634694,0.45068005488788,-0.0974114567657402,2.22338413991252,1.84431134967554,0.432194523890233,-1.26021516374693,1.18706318696323,0.492174304680812,0.0906583543751524,0.957555120162979,1.41729303982226,1.58947223861232,1.84255823853449,0.229862523044082,1.35448708421186,1.18962478173834,1.38936508548977,0.525085456728654,0.555970348932005,0.288798627728598
"UPEC_Oss_3 (GE) - TPM",0.527047195099991,-0.457482287894843,1.1862058371862,0.371845094821558,0.991751222468194,1.50586808788399,0.444294689463319,1.37612709487833,0.966576200996176,0.423508370076344,0.904083916558877,0.948528719978075,1.07260972261207,0.871672191148754,0.241263450763134,0.00234498373781933,0.190425448614815,0.288771251157053,0.576825934524965,-0.239068599982197,0.801549817297895,0.897166370766617,0.950772083362455,1.79977719463098,1.20135052688631,-0.25381761069668,-0.118022165126218,0.764485582181545,-0.389890699355803,1.35368124797887,1.13002526544781,0.130509657118227,1.33999269382761,0.968283932631781,0.961894890501514,0.769413606514426,0.630600415362155,1.05780152373746,1.48001057586616,0.542959706123637,0.960865085387315,0.249787674030547,-0.481885870676738,0.456312595274345,0.161878960498682,0.966160893955157,-0.0772978634303545,0.892652598871057,0.604449234555487,-0.213662445290082,-0.23747630603059,0.565746116796084,0.313675259524883,-0.74159458017568,1.60351731743684,2.37460488172978,-0.312641140197654,-0.0530205865057949,2.04835875710501,-0.763836034678907,0.977657429583923,0.699180400107498,0.702742244794792,0.676716878974575,0.51213487358106,0.616328226459911,0.187027367444732,0.0797271467744466,0.74745653069812,-1.49401007863425,0.368009668160219,0.667719486716765,0.434243257329267,0.386810168034043,1.83655438106662,0.37837627749502,1.61235572812148,2.10153640648622,-0.00107470062372213,1.19519679178336,0.763377978896609,0.985900988722535,0.114135783641512,-0.0623065943329887,0.941076325287103,1.0691813394559,0.166325546602047,0.0865952122769788,0.809209336964419,1.80480186177627,0.0530759567285955,2.17455921402586,1.74824064012947,0.741837671146447,1.08374205758268,0.633312152136133,0.923511112678342,-0.256486924652487,-0.23702819353642,1.48783968163906,0.391944470476619,0.292034929412321,0.727947775896354,0.966826775870599,-0.412068068894011,1.47174781598745,-1.09632313024559,-0.472207133742224,-0.553743524791562,0.562841601625338,1.3750112784714,0.507728002908775,0.869286130187465,0.019218078268703,0.715399508758661,-0.857851667945491,1.95183731445863,1.03077539892097,0.638711863247377,1.52130438382881,0.138444872164054,0.146518912396711,-0.182388386962519,1.25729605145957,0.742054380071427,1.40175250829777,-0.00670643785228259,1.62641498457858,2.15718021887006,0.13032733497979,-0.220710286878953,0.342533400898302,1.44360217910695,1.81075497318628,0.504265552514681,0.98257448897336,0.749817130657951,0.900876845052484,0.389944679657846,1.01035526465014,0.981285827474531,0.97756607771316,1.44469299980743,1.48243526285159,0.405817112440029,-0.336281281993648,1.86851487411766,0.493427366329821,0.20218967340089,-0.266908588910783,0.0322292354015924,1.02190496004169,-0.0120218625988402,1.4772852108595,0.452071887590484,0.805381332525694,0.317415864460728,-0.352177918549896,0.836847644936365,0.198282621790604,1.07275666150744,1.22800782202012,1.19114259082706,1.17212415564085,1.19488772418244,0.791737131957373,0.748789331490263,0.948574191242526,1.56172103407415,0.746444332271553,0.385221687860127,1.88529509400242,0.18203043217711,0.532405157164647,0.503502032773249,-0.036039078854554,1.59166047446788,0.279054666277159,-0.159949127108916,0.461069610729817,0.965991975833842,1.77096744059161,0.639598147307237,0.319869943526504,0.316972087899786,2.56668598169225,0.821260708862788,1.37727555315726,1.60582190201064,-0.461422814102841,0.323474432629438,-0.271145203291071,0.0856624180702178,1.00131030172293,-0.551617339523561,0.463476539971174,0.174788221782507,-0.397593770824309,0.118465095528585,-0.147042897004076,0.648919509008987,0.898687350436568,-0.412073851147479,-0.256611547404371,0.193878329001016,1.98733940279382,0.244201931555536,1.01113531424635,-0.14678790156024,0.863574247244914,0.618940554413081,0.0754521133938894,1.19349966728276,0.424144796139264,0.450895259967212,-0.0621886880797904,0.761521918339754,0.652349438709309,0.116542640309424,1.41902961731823,0.991769910034963,-0.204437251522512,2.04700913750729,2.22004093104191,1.73635112776211,2.05406181056469,1.12394352449306,2.03610988534574,0.531717756969649,0.242616692331206,-0.62633593972864,0.912922092691244,0.605210578086912,1.30597091895644,0.377052595586944,-0.167729052043673,0.980843956964721,0.375967656914973,0.17769436597096,-0.683453421330576,0.264937070826126,0.565102616459211,0.638770631103164,0.242650088757947,0.0416968412510384,0.161283741186995,0.624850907365279,1.01205551620082,1.03338574823005,1.32982924384178,1.50699227702956,0.147017679729282,0.425882032280466,0.247415312304847,0.168541642309611,0.332712684174692,0.860759120591252,0.429236028622539,0.848110207414472,1.03076599290867,1.56665573217227,0.429723248659409,1.2484555899733,1.28978230842245,0.719764774593472,0.220402611590003,1.16448315656313,1.67927668392695,1.19870135639991,1.74903393104442,1.13443815619736,1.24014557467466,1.11239323179715,1.36685507079446,0.888339227207783,1.77373658327438,0.216316060745076,0.396677311313946,0.503537582900732,0.794416104057765,0.334085596238734,0.591575045937698,1.15246135014326,1.0480096304164,0.0266806611900244,2.32343169794296,1.1897223304871,0.958523886221731,1.97195282478804,0.361108560983525,0.244892298582977,1.05579884427122,0.640300493314329,1.26650989563262,2.54767781572355,-0.178512199803621,-0.061925502982382,1.12257159233705,1.73294320907173,0.439585277226286,0.42295919985675,0.246709493826816,-0.546069080070632,2.59902784917743,2.65574987959222,-0.101133893757606,-0.250079412679608,0.358151607195471,1.23630030388839,2.01172642369683,1.54627009476526,0.652295659745444,1.3016766090973,1.42356699827126,0.518024560727385,0.0491089340932376,0.791150867564345,0.493134495508934,1.03344944234728,0.583340330853118,0.520488413651757,2.53770426928628,1.6438879224729,1.40998128963074,1.02524198124442,0.983834214568043,-0.336299655997766,0.289783209184656,2.66205089529977,1.47804809660924,0.151801500696183,0.523298321409686,0.360231526438283,1.49941257375696,0.461809157373969,-1.19415306104023,0.98220365213347,0.670609742488195,0.440447747367348,0.699727486962237,0.994960453696395,1.0844520822936,0.507052803931727,0.689875502411354,1.1521280679645,0.937328978937569,0.449450676389359,0.0135983198308968,0.43498705972311,-0.0376561615928675
"UPEC_Oxs_1 (GE) - TPM",-0.738398575819219,-0.967233525971697,-0.442597679684868,-0.539549942044304,-0.747433144580518,-0.217412939220975,-0.270345815720319,-0.597175646704366,-0.846450076393018,-0.514025907498739,-1.10701903189919,-0.2259475469844,0.523195782729968,0.0100268508814161,-0.604113216780272,-1.12072355501694,-0.335204178398125,-0.999338740924856,-0.701813779432728,0.919753744721617,-0.609963818902653,-1.18476895225864,-1.19605831923378,-1.03874846788019,-0.441268233872376,-1.41169419173451,-1.35567376393792,-0.775782458745118,-0.690987476920147,0.80566074229549,0.0274411396753549,-0.125384397602989,-0.930612496413488,-0.789339693459577,2.37545163291897,-0.888551622431034,-1.06730841655282,-0.265787303157412,0.849484103150432,-0.791365235035875,-1.0787578249509,-0.543029211087942,1.35129350723155,0.307534297759927,-1.07746832496324,-1.44589485627613,-0.611219056240184,-1.26379269047652,-0.79883443828127,-1.12884355656682,-1.03073147164379,-0.851303246556217,-0.936400517382505,0.277227321546733,0.622551067737642,-0.829966926903989,-1.09842391512536,-0.0905211268288662,-0.655543076593186,-0.973053000789621,-0.79302426589429,-1.08582311375315,-1.32913837146868,-1.07098162652423,-1.01983546752429,-0.421790151410446,-0.800128951640073,-1.02382196795262,0.00490166616292969,-0.129056326246523,-0.481174648527274,-0.218688302302609,-0.157839322944724,2.12366419009391,-0.242357637570418,-0.997328817966693,0.68440198457597,0.199225569602128,-0.0485316007522322,-1.20196962900931,-1.04587044824055,-0.515577087264218,-0.91502619073704,-1.16989205623929,-0.708790358604272,-0.845682421112384,-1.01860722591444,-0.654091420510915,-0.772745633811252,-1.21861492202521,-1.05630459697811,-0.972362591731687,0.773445694317557,-0.365414955089624,-1.0371517848242,0.0360816432223275,-0.666030653172229,-0.66807274554247,-1.44007141200862,0.0417031527581554,-0.456165619409344,-0.797811541532339,-1.10135729132846,-0.249984932024817,-0.412068068894011,1.00530358517388,1.25352094282612,-1.78888913586079,-1.37625069786713,-0.787708325136099,0.743287732671556,-1.05688571886844,-1.0345442580449,-1.04163075427733,-0.897380731285186,-0.893994490214808,-0.701217284566491,-1.07874936117358,-1.20162462535518,-1.05473058794625,-1.23341633104447,-0.673825883364481,-0.499827390509911,-0.739316488844039,-0.884489479785407,0.00498621322138632,-1.53369757784082,-0.131669773098618,-1.46617365744321,-0.931844278951385,-0.245344557454038,-0.469084881983331,-0.104737051318448,-0.16869595976891,-0.142945999020587,-0.26271608618177,-0.131909026738301,-0.43162675680029,-0.559866663154653,-0.00694112044316053,-0.126736154319749,0.0732197019181591,-0.0507488823317275,-0.626672419730806,-0.839839870530318,-0.832362232738641,0.602893108097282,-0.474423521450083,-0.128190450275945,1.30904895253946,-0.657064101107478,-0.380283034093951,-0.0991907899030977,-0.750766058754882,-0.747312089330986,-1.04792664823254,-1.34688605906527,-0.6784785045745,-0.559651235931804,-0.765220108582162,-0.18758954519931,0.508288737466038,-0.263661681326744,-0.110779106329085,-0.7984734632201,-0.311388910444309,-0.0252248957493197,-0.981557644317941,-0.900748953886663,-0.878144983147145,-0.696767608109361,-0.251674530440216,-0.736807963984178,-0.994497297612421,-0.897988284834204,-0.659929642609981,-0.591184062919756,-0.743563356779325,-1.1423843402764,-0.726490187431667,-0.949657208706637,-1.08671444724558,-0.765094199906881,-1.32574129398823,-0.933026195304452,0.165720088337158,-0.914391996204575,-0.779981056339592,-1.26908348531942,-1.3061050459548,-1.11739818935931,-1.2420067259078,-0.898370828752984,-1.0329023954078,0.449242073964749,-1.03867552826213,-1.2442183298298,-1.23391421549184,-1.10305613892842,-1.14369408258302,-0.838055391769839,-0.516331801836105,-0.449919960746631,-0.907264376887077,-0.679925056646293,-1.17098173585375,-0.491337219260845,-1.12550436090837,-0.76297488915109,-0.925539435557959,-0.956620096519153,-0.93260668331525,-0.815968882030772,-0.0151988491562027,-0.44588424115729,-0.354744259560774,0.23914204230738,-0.814014048141939,-0.767932406666739,-0.850127421115995,0.562593425592703,-0.984694411274975,-0.931168717473092,1.24816689995624,-0.471885725713347,-0.429801943038186,-0.599830696919968,-1.06518455689639,-1.21090100700811,-1.15445238411059,-1.23421925463815,-0.739520130192497,-1.0464352616736,-0.744915262457949,-0.819025712671695,-0.67510801985321,-0.851959421750195,-0.78605155230579,-0.88271445586152,-1.33935636777813,-1.23229214034986,-0.359308144389672,-0.0791305971574586,-0.779657084520136,-0.849185485440048,-1.15428573927035,-1.19890544028955,-0.130998588067404,-0.33834979119258,-0.360161860008064,-0.543551328942464,-0.693782809273891,-0.769969290693629,-0.934549071918317,-0.827096947676621,-1.08626441191577,-0.17949614221572,-0.801891893103344,-0.321910929176602,-0.916743238713853,-0.220408402049435,-0.906790790113029,-0.910796199011797,-0.00526240098550021,-0.347312380803512,-0.900313114807839,1.71770346923997,-0.532307236089154,-0.266558682007263,-0.118780811390359,-0.259089172988979,0.217576716020545,-0.472661943777987,-0.584667010396596,-1.47342581754218,-0.117533078214467,-0.97074162638407,-0.19468992598078,-0.706993840414605,-0.665404235993788,-0.814968261841283,-0.0286011040966741,-1.00659250401497,-0.877158703953173,-0.446052458567692,-1.36774443359219,-0.649671266999622,0.70935181307142,-0.83612559391127,-0.885526798615101,-0.71748826567803,-0.469613120715822,1.72489058864981,0.550868640329738,0.74672898466108,-0.699641580366881,-0.862989867261046,0.202965529391609,-0.588566742068585,-0.643126626390083,-1.07109399685555,-1.10314522265671,-0.457808973632575,-0.126334358838946,-0.805286930847915,-0.603322363044083,-0.927259884091911,-0.194675063329953,0.294753946325417,0.336285872786726,-0.256944163377294,-0.578222561110284,-0.811436330546321,1.29129874549926,0.608822508357181,-0.661642171582428,-0.831150717673801,-0.948136980337082,-0.823356399729134,-1.2101252572465,-0.948845691239383,0.034117859061087,-0.272621194724445,-0.759620617674282,-0.146070184755378,-0.214145548001833,-0.45796477621716,-0.638813988883518,-0.944266339746381,-0.923744404474837,-0.77612963779989,-0.708892548033578,1.20550427020059,-0.847038974155051,-1.19030576719797,0.56463447729295,-1.02337222041313,-0.854909342921365,-1.05983842110294,-0.188976263637607,-0.607491265665534,-1.01946335928749,-0.478727552795413,-0.977837642449428,-0.775512892103086,-0.219560215709211,-0.300282485531849,-0.530626734737191,-0.533212704133389,-1.02230219677012
"UPEC_Oxs_2 (GE) - TPM",-0.690276546915141,-0.518961174688085,-0.666876587816052,-0.675557453389271,-0.428921514827161,-0.066961324479686,0.188398499264416,-0.106449922522285,-0.0793585323328945,-0.301813196457404,-1.35123374846699,0.333152688822696,-0.00180851469160479,-0.178210928954685,-0.501013604938731,-0.758328577031022,-0.388482946870589,-0.9361558385913,-0.702717594748908,1.63691159170661,-0.690520427360359,-0.953425565235091,-0.880951649677737,-1.00169557016249,-0.787060069738697,-1.01368218667524,-1.13092910283532,-0.863240056217869,-0.67975340935686,0.802540431360734,-0.106706316199447,-0.26261449147348,-0.835388584353807,-0.731065642662699,1.51491134072138,-0.84936439218811,-0.880980853607894,-0.27660675788768,-0.361285642926345,-0.269218948548328,-0.835456713743969,-1.09745339245185,1.0715889159849,0.012386137993951,-0.999001001086629,-0.65152901635803,-0.356690809035542,-1.45841242649252,-0.537540522170471,-1.02833483334835,-0.933187183137816,-0.353837907958894,-0.938136530270052,1.31387880983844,0.365795617632739,0.397326329610564,-1.02312121992941,-0.311980510980222,-0.304619143320051,-1.42101696597108,-0.356790154836451,-0.738435948489343,-1.11344154064795,-0.809953086501901,-0.638677794214971,-0.857550807453297,-0.601022699707432,-0.959883795591608,-0.0735464727629703,-0.01928116511337,-0.512853472864141,-0.245461588146032,-0.099362981663869,1.44354564663273,-0.0608614167262514,-0.84928413239647,0.377902653549637,-0.0389960214202514,-0.279016227068531,-0.304970058592862,-0.932263278652892,0.042127920102965,0.108899945578797,-1.37582708106085,-0.740209508221141,-0.932617746369026,-1.00228172886552,-0.715970497365236,-0.947649121713051,-1.04217390140647,-0.702204252362433,-0.448992962801868,-0.0693098155581408,-0.311637412744951,-0.46241643074758,0.0285732964028857,-0.58832018258211,-0.953323437935551,-1.273081298278,0.651635909793215,-0.242062617233325,-0.808386071006492,-0.681281445146957,-0.465904139599729,-0.412068068894011,-0.0573371433639701,2.08639357775063,-1.74719995071201,-1.14151312700975,-0.743486896126754,-0.80410953794017,-1.05096114593189,-0.967159370828518,-1.12743525316239,-0.0629437492591696,-1.11829095566105,-0.810270797361641,-0.756453520775742,-0.584798730927193,-0.907395146374661,-1.10515512413492,-0.586816750091648,-0.716476738142117,-0.638115763897064,-0.838006397076364,-0.385008765307646,-0.904589924581387,-0.359007618454864,-1.49971592631713,0.0626850685804724,-0.284987911074178,-0.150463551773257,-0.0883826581291805,-0.337000834008087,-0.365404172467972,-0.235810945021114,-0.422170632210921,-0.325631088913525,-0.47400551335989,-0.169880957441869,-0.232722268362559,0.168721689440954,0.186627062473953,-0.155499038239931,-1.02704021485988,0.676906317581596,-0.233544075552294,-0.429610936461771,-0.017262454264653,0.217412179245791,0.111368680027416,1.14241750800497,-0.948574428378749,-0.509849544397459,-0.150904626895951,-1.30689812098565,-1.35162338153819,1.03146901655348,-0.626266678956067,-0.762440593588491,-0.681769340314752,-0.511358186127171,-0.661227680743856,-0.699255189022499,-0.912555031760883,-0.594737162683166,-0.0437337824804768,-0.676812449088605,-0.939489132077517,-0.926656733119462,-0.719193001891478,0.00945105243621773,-0.542861378663793,-0.354720522220316,-0.630105709078391,-0.652317727857091,0.132627397428111,-0.765234732475313,-0.855283719453584,0.124688776296723,-0.823168540292468,-0.773099574591004,-0.604037447890771,-1.3070507769895,-0.863224086795834,0.379290407709294,-0.179720173949769,-0.0948265999431928,-0.526205968935109,-1.27526085034024,-0.872082835907701,-1.03629737037896,-0.488749021099666,-0.574070867434476,1.5134954922249,-0.909723900809042,-0.594794194789004,-1.27660401598988,-0.362033468161317,-0.977910537571467,-0.565660687879711,-0.659410905118856,-0.623920586465806,-0.831978038134233,-0.782600434901431,-1.23123337776643,-0.769220424493539,-1.03144994128641,-0.505685758374466,-0.898801853476035,-0.903857330554408,-0.875631266158374,-0.677414735777899,-0.772247027314022,-0.766584521464593,-0.55096580571927,0.174354315910697,-1.37266344523336,-0.873709718276866,-1.23337128241509,2.43935086110236,-1.05305138148531,-0.317499197011695,-0.835511322968495,-0.687661387873292,-0.512991183035196,-1.00463070591298,-0.915343035239679,-1.09318210496943,-0.916166319567462,-0.538249091343284,-0.365188282727525,-0.858096836705524,-0.0580896227559602,-0.725605579862099,-0.867549916163813,-0.860331962945469,-0.762956408369529,-0.853608946193157,-0.716391628149542,-0.444696368679471,-0.0967992195642857,-0.375574868891686,-0.203342109262721,-0.675031063658657,-0.415408480606518,-0.273841080463974,-0.620291886076157,-0.423580209071861,-0.524539404649677,-0.705881452677724,-0.694297559074771,-0.751905562681781,-0.820489190853137,-0.775366787659769,-0.871750483625287,-0.27937084685577,-0.824598151741457,-0.325597283099656,-0.424812774739687,-0.417022046289882,-0.675675016139707,-0.489936272510507,0.0447700588066924,-0.293852408543254,-0.72968266879398,0.757690379209124,-0.618368626496361,0.502556454114762,-0.408901290722469,-0.572632749750754,0.332465841343496,0.426931322258374,-0.095437382518399,-1.55913788327052,-0.618722035861237,-0.782175698448073,-0.0283039913980281,-0.659915705318788,-0.187345352302013,-0.552783405654922,0.342708332278811,-0.87309425999776,-0.793306337796893,-0.280483148972297,-0.29393421158304,-0.688531276688984,-0.353471362828273,-0.146463321090085,-0.366021929888152,-0.701921541725756,-0.511756313531284,-0.357356089962466,-0.357883647666693,0.52560604433148,-0.742224143918311,-0.78670277161581,-0.471603039083543,-0.54228928537698,-0.868091214625149,-0.771686298401251,-0.891667975851506,-0.269749535666594,-0.375576147233006,-0.797398630994789,-0.352849063045804,-0.516473208538087,-0.96250092377177,-0.626847616920845,-0.327850144747576,-0.0295055481918857,-0.77082556251806,-0.907273598390197,0.371585816660911,0.802687073256547,-0.82034375022113,-0.825541296848674,-0.658234754168366,-0.645104397532658,-1.01061979322638,-1.30163614668758,-0.00978503695785492,-0.501226095965601,-0.931849587676091,-0.594960385390764,-0.498608709433075,-0.315850717344588,-0.359557253301993,-0.498858873709929,-0.753011517183004,-0.604021319791814,-0.456751712973889,0.550140100665342,-0.742737662166473,-1.08540252041894,-0.543738804600451,-1.00890386050584,-0.544170544969457,-1.07240460618531,-0.63104086498439,-1.02450628914406,-1.03927107582695,-0.388206209499885,-0.809380826968979,-0.666038644183845,-0.247777964413494,0.567972931803915,-0.669685564252186,-0.180368134761777,-0.959096385434505
"UPEC_Oxs_3 (GE) - TPM",-0.899714391370493,-0.853204104205482,-0.710108749648961,-0.855703971759922,-0.680223645421528,0.237431903502459,-0.179322101324323,-0.695922340786959,-0.649648512379087,-0.280647686678674,-1.02621724514136,-0.113753424670201,0.620599487558768,0.0737976410019687,-0.570256508084544,-0.998916224290996,-0.57164673909544,-1.02008915533076,-0.530406213025475,2.37634404441523,-0.455491558071443,-1.39768975199085,-1.08799478312568,-1.0120962378136,-1.05348159106233,-1.18014503794255,-0.957657281791647,-0.812563332698098,-0.95061639929121,0.522454300063196,0.10617300692463,-0.492683468375062,-1.03541019691696,-0.837348645818108,0.961842341507829,-0.867779274411608,-1.40729455232537,0.18825454916473,-0.288524681779336,-0.499461932702613,-1.09438629550521,-0.9776381069127,1.91034126259438,1.0973859208718,-1.08318240079162,-1.12765861045121,-0.618498466375334,-1.38478003730911,-0.81393481954089,-1.03069305946053,-1.07664993392847,-0.757333386193255,-1.09215205740493,0.551439117012126,0.142772982209411,-0.502814189921481,-1.00109650111705,-0.251269068985328,0.104513043368275,-1.22841161881579,-0.249145841849222,-1.2822063926347,-1.20126613688491,-1.1097257096615,-1.03074568972498,-0.40579950153925,-0.721587718549446,-1.09595562783984,-0.896196839131703,-0.381480496115849,-0.571252774797236,-0.198956594169324,-0.180316392171725,1.01397504831706,-0.364110555025906,-0.903947554083427,0.954117152321712,-0.0866633731111463,-0.367135214784754,-0.831759489761829,-1.14900079357772,-0.252253198090219,-0.901038097405809,-1.21694931789847,-1.16799624083459,-0.876744589726881,-0.948889321578961,-0.731882640862573,-0.874724162330392,-1.22200796284697,-1.11435233352381,-1.21376910727172,0.772228948880483,-0.301972918564052,-0.937509584459675,-0.372525767755444,-0.661374064179463,-1.3939276451693,-1.3984604277322,0.0846310403996221,-0.711769158136218,-0.915891757994925,-1.17423412581808,-0.331015151027222,-0.412068068894011,0.0426481343641242,1.17747466757273,-1.7306548581388,-1.01617634096926,-0.779909685725995,-0.91338102922713,-1.02664114611972,-1.05250400685036,-1.18671008626819,-0.702685297355957,-1.04941094836161,-0.805494437258547,-1.12226547866115,-1.09849631339353,-0.0294372530305798,-1.25062689642207,-0.378429344753784,-0.265856703761317,-1.26302748575461,-0.838496887121063,-0.158884278677679,-2.01086961309281,-0.251664356143034,-1.01732992860161,-0.760872960888028,0.333126677376701,-0.278799916102827,-0.243485396509806,-0.328063443055806,-0.169743968142282,-0.125864272219231,-0.245729651709841,-0.471174202496021,-0.564554608726178,0.030518117450287,-0.174689765708652,-0.290499478812395,0.297359022204816,-0.47831467858029,-1.03979150296727,1.22645769579871,0.118184643219492,-0.36463126736756,0.348192719469371,1.36436192193924,-0.125582658282434,-0.174845260201991,-0.923616785514296,-0.375389258397928,-0.568247659822214,-1.06863639708891,-1.45499819478254,0.0734816765313921,-0.432910194103002,-0.751372825297998,0.0117930049237318,0.269878827040928,-0.327148933157246,-0.25407284112424,-0.782409726646273,-0.770904577991859,-0.260341836257328,-0.951530869255203,-1.34831380061371,-1.13544142135723,-0.797416321395509,-0.0667490890761208,-0.439115492193836,-0.0359817785438637,-0.907405127137328,-0.698412321214738,0.289840333650326,-0.695725005690815,-1.18159384566043,-0.510146589742609,-0.774154749727946,-1.27004933182543,-0.768825475405195,-1.1622061247408,-0.836355069019199,-0.0868046242484738,-0.969009363340597,-0.741301569668862,-0.744056752862891,-1.14061767391595,-1.20020873863099,-1.32457155353967,-1.13740133153037,-0.900460708961333,-0.267303323690159,-0.965846898888569,-0.990301662214181,-1.34817394224674,-1.33913027167847,-1.05442467942671,-1.04813857710689,-0.342195819826602,-1.01139668941043,-0.854773652469382,-0.661450704644026,-0.851941524568511,-0.621651715442738,-1.25941633006727,-0.874986613946179,-0.880671137889458,-0.894452058379782,-0.909961465433568,-0.75930363745757,0.18895210310785,-0.260596980819306,-0.202474366571379,0.238888422110472,-0.44774913474691,-0.783953925525322,-0.831747493454305,0.118527724386355,-0.496432405065697,-0.511303802009454,0.181398520381354,-0.643152157638264,-0.282852700339685,-0.455962178159484,-0.643460741190396,-1.07194588081533,-1.041526232315,-0.311220223776973,-0.843842101019706,-0.916588963528122,-0.839574290799135,-0.842939262986411,-1.03438663552295,-0.788417864066791,-0.698704685446541,-0.947094687558212,-1.27034657865815,-1.08585209032571,-0.471104010536453,-0.308185573262036,-0.710664056987501,-0.707292574587427,-0.84845333683891,-0.57318045626037,-0.31963948198198,-0.447809920768567,-0.481828504830471,-0.60130688673716,-0.755572528589721,-0.659997251087055,-0.858482115230667,-0.805795355938351,-1.01405565218389,-0.164229837759464,-0.784953397295547,0.0407674947640482,-0.999616065809187,-0.222195587435485,-0.880103270569667,-1.32365987519979,-0.640415719507894,-0.540589414316715,-1.01725476024279,0.473473328816286,-0.480374335834426,-0.379222276041226,-0.152726530057371,-0.396738275629415,-0.190508296336022,-0.370636676564311,-0.490241761402703,-1.39250650521302,-0.258308116168572,-1.10691119615067,0.454834441191225,-0.523309436938687,-0.530526266551366,-0.987203762086954,-0.640374807913936,-0.847051101335175,-0.766533461703586,-0.596068887241739,-0.570554266904368,-0.860560169333002,-0.408630999909823,-0.859268397686657,-1.11852048038514,-0.719527619935796,-0.783139581505471,-0.0613142116834034,-0.263276606107399,1.5577028418616,-0.618138452916579,-0.808191521162902,-0.253154013830365,-0.472078406606312,-0.861239408990765,-0.85684488442013,-0.982407381539569,-0.524356568387049,-0.0460672822619297,-0.375251860797203,-0.884340843601442,-0.917876514142735,-0.200016019420272,0.774412568219265,0.0303842883836492,0.152414737846717,-0.597377498807747,-0.817783235951184,1.0750473691229,0.641577677460167,-0.92356236314501,-0.889079415101909,-0.60585529624798,-0.742310515572616,-1.06638324139115,-0.94848335858483,-0.178682631455945,-0.279853197035296,-0.758479624469935,-0.323985748646377,-0.701591405651468,-0.892303977181105,-0.82122187258789,-0.694081547910131,-0.590987273317865,-0.445697864616505,-0.558955055594046,0.208528402617017,-0.740048552263841,-0.968496606507138,-0.721710988696426,-1.07293794045222,-0.548225682970564,-1.02420275121435,-0.600918064669621,-0.627026263574705,-0.842135085400564,-0.0612909114923595,-0.850061530555651,-0.690248708463155,0.448171267760917,0.5146370427213,-0.552360563135293,-0.941913554274421,-1.0606275065372
"UPEC_Sp_1 (GE) - TPM",-1.23172529921071,-0.682829450364404,-1.13688146291211,-1.02675563900969,-1.54341426400014,-1.42706654933632,-0.693757844693637,-0.66977476539602,-0.535936785596506,-1.00937802079289,-1.32764731597915,-1.33074360895045,-1.32087148681987,-1.05947231725134,-1.53572474407002,-1.51533096802286,-1.30979712332523,-1.23883575420975,-1.5249425332753,-0.120054579274997,-0.984596485263199,-1.13162102815585,-1.60953647401675,-0.901052957301726,-1.13644348521641,-1.56992252281111,-1.51364893569542,-0.891480217864887,-1.07357000821856,-0.82401052403495,-0.76028017646389,-0.730914713636453,-0.926749520532044,-1.02307787639071,-1.24513737222992,-1.28719841952654,-1.18937326064609,-1.87388054794469,-1.01162755835796,-0.843769400635652,-1.03652611039841,-1.32238570476075,-0.675969045392958,-0.709543917328163,-1.08377617403723,-1.32635780987161,-0.856728744899644,-1.39449432927376,-0.600157497181252,-1.29480561302732,-1.12140681912289,-1.32191465550975,-0.672869769829151,-0.568725218043697,-1.05448664030828,-1.10490084743506,-1.02610818864826,-0.616872547703098,0.0431047655269883,-1.59458371730999,-1.69231773827514,-1.13286181272342,-0.518237455098719,-1.41103389924224,-1.48952391094932,-1.15300383036844,-1.0827197962948,-1.66763453042529,-1.06974704307828,-0.133407331710054,-0.692493847624078,-0.687792562534822,0.269187938768686,-0.61182388665275,-1.16389411787699,-1.33841098939341,-0.873938453152832,-0.998308903809757,-1.13887792890014,-1.30632081049799,-1.20782002897519,-1.10840814107845,-0.806779722928866,-1.41194360499274,-1.30092387126685,-0.899366109204383,-0.962644290998313,-1.19408055974694,-1.28624602500147,-1.11556208108767,-1.43730352371523,-1.35863688617739,-1.31043832599632,-0.80992506986793,-0.707745103503072,-1.28800749700054,-1.40770818390159,-0.759299427352553,-1.37327183772172,-0.571111335676799,-1.21294018129434,2.61439204401934,-1.17423412581808,-0.709966471067338,-0.412068068894011,-1.28585420922536,2.0150877850441,-0.955470586644954,-1.34648761504459,-0.951572324488035,-1.50538316822842,-1.51346813143393,-1.36448942424799,-1.2081127650767,-1.34553154532493,-0.955335534075831,-1.1980065246773,-1.39891013399517,-1.36710554867774,-0.969072899747708,-0.489456780734488,-1.14457729314352,-0.010534070235298,-1.92178609377654,-0.936133016800796,-1.80192856176951,-1.25035259291,-0.902303160253457,-1.2118320197985,-1.43221675731853,-1.05794273875728,-1.06282470236526,-0.904089821619873,-1.06252106700005,-0.817374681882099,-1.1350172081034,-1.04116688295898,-1.06395403158187,-1.01411617472401,-0.816595676465753,-1.07698003006386,-0.930969490754643,-0.911792795510967,-0.742350540456433,-0.797837454572835,-0.12553797922397,-1.3024016854953,-1.1433458661349,-1.41773402203058,-1.50862753100792,-0.971358366200836,-1.03139953894265,-1.81838481674261,-1.04066056864078,-1.07603168465677,-1.07373218327568,-1.71743361971216,1.17090716533231,-0.837673200251306,-0.767582769329422,-0.69848585246672,-0.731866852999539,-0.876704983571126,-0.680882970382102,-1.01818856302208,-0.842741165928069,-0.828645675983579,-1.11310360264622,-1.31369511015694,-1.55406839498163,-1.39542244091025,-0.278828663633274,-0.697368430422942,-0.277451419390153,-1.22980067807093,-1.69706897533384,-2.09478711684279,-0.712732731751864,-1.42710564716168,-1.28004001628344,-0.735621019969355,-1.34646031577874,-1.39215926748886,-1.29760081490864,-0.739672798852379,-1.06138772721963,-1.55548137163073,-1.84271209968302,-1.74668402438884,-1.66022167120888,-1.78359959064964,-1.12773448011962,-0.443462582854447,-1.25447702947843,-1.15687392286432,-0.557478769079707,-1.33122841006882,-1.23120640094508,-1.14815177533066,-1.31807801357474,-1.46839034580427,-0.797367684022978,-1.69833038760742,-0.857751348747936,-1.00461212922221,-1.28708602651895,-1.40613400413468,-1.63217914618046,-1.24165094811093,-1.50491324665904,-1.09423424535793,-1.03316492356093,-1.07297469799344,-1.49401687743745,-1.32930561828872,-0.891077838797288,-1.31682126543663,-1.79355182004866,-1.48819332852554,-1.38627914879756,-1.1570140791066,-1.04375045746411,-1.62857211096521,-0.998374591267028,-0.826060335882137,-0.847885341719019,-1.31220168288952,-0.425219183056589,-1.24262454692329,-1.23672995933741,-1.42489905267086,-1.28880475195895,-0.934810347887909,-1.05553994697289,-1.02679978844216,-1.51929080947726,-1.19515514716647,-0.771939631082778,-1.01871883545091,-1.0828664517622,-0.91580861898376,-1.26214249788557,-1.56484662107099,-1.46967193253958,-1.16162049171831,-1.31869863090737,-1.41999600205105,-1.11092805875829,-0.90707731487549,-1.08003590303388,-1.09365498979232,-1.0516264565606,-1.0414337050746,-1.19476299942416,-0.95018987084756,-1.22317576910021,-1.00806055279441,-0.894746092759244,-1.47540474511556,-1.83702506391423,-1.49318322910287,-1.35563248203406,-1.59978332135709,-1.14411915607292,-1.20408386641947,-1.04120689451865,-0.686462317108678,-0.737577390692228,-1.44676403319375,-0.881042580898659,-0.620245136159005,-0.013190612958777,-1.42858308279438,-1.62375959228543,-1.59683590861882,-0.887809439862688,-1.7152206778741,0.102475262438633,-0.848211316582541,-0.9438609470939,-0.881407566425188,-1.21526185370319,-1.39592454973549,-1.26346148765435,-0.78847167117137,-0.640756309618712,-0.851403335454327,-0.98803291347705,-1.20138194930243,-1.29283679388652,-0.946310267417927,-1.28997116164959,-0.766933714328474,-1.4643984476225,-1.60359661317869,-1.27603720510276,-1.17959006557647,-0.827470812593376,-0.737110539042455,-0.829143326987066,-1.32516557032007,-1.45293658581283,-1.42878708931253,-1.25794572884304,-1.3445344515255,-1.33207867580363,-1.47120998291166,-1.14470263882661,-1.2065557162394,-1.48876811260826,-1.64211242968721,-0.867428293108034,-0.948254895707276,-1.82057090628974,-0.648318704601793,-1.66959998734855,-1.23762569304827,-1.44925167432384,-1.21874328574029,-1.18539070500767,-1.43778202468912,-1.39620792251293,-0.973383086142521,-0.997412074958591,-1.1058656583817,-1.12293853300481,-0.558694614860954,-1.03227433194985,-1.45360334191993,-1.30832644677992,-1.31891914790358,-1.42998346706399,-1.40027936565973,-1.00551735889294,-1.74178194149925,1.17900752729993,-1.14965809947404,-1.66704308521526,-1.10984730668108,-1.1923695197348,-0.783076353431531,-1.42547629512649,-1.6547239281131,-1.47089547077514,-0.194078840559759,-0.448540585715131,-1.56765861930274,-1.52833862307613,-1.26696889665845,-0.642311898599994
"UPEC_Sp_2 (GE) - TPM",-0.700368808694515,-1.15196247722902,-0.104381439556432,-1.09862789466196,-1.58426694616824,-1.30524249584812,-0.668186012975584,-1.28262758103174,-1.07330964927694,-0.530788057143948,-1.43482354772729,-1.47472031707362,-1.32116682313169,-1.0030816009576,-1.58215695877753,-1.60287854053562,-1.30971108707639,-1.09024207617027,-1.68187876733444,-1.26757461440969,-0.642932735424925,-1.27365699367082,-1.81417494270093,-1.46820663228823,0.374599281446223,-1.46509561147939,-1.77182066107017,-0.856151784577167,-1.3029588918605,-1.09557332578882,-0.813625438176156,-0.711910326856963,-0.921027003505603,-1.02223295336154,-1.61287964218498,-1.29645910188828,-1.20540706423884,-1.52509500536738,-0.911867803256073,-1.30313979490243,-1.11123730269326,-1.82441009910249,-0.804117129948379,-0.931388680658207,-1.25792434474691,-0.60803135119187,-1.20367926616339,-1.34936643443676,-0.926579727875347,-1.35112001874146,-0.932668474486326,-1.30516811997119,-0.634005111238994,-0.636093484859507,-1.41841019066676,-1.70468861641532,-1.13334788507773,-1.07271352880349,-1.72321971064571,-0.235334321199907,-1.65117629306376,-1.43053740631081,-1.42013493480585,-1.3909650897053,-1.4617321384741,-1.14100072839468,-1.23041905031985,-1.22863398279722,-0.415046643940185,0.00231809161429824,-0.625380051417871,-0.592386225809415,-0.616964039200668,0.207286104391021,-1.10404272875036,-1.24604892388934,-0.861816964717686,-1.07038111064191,-1.05901796211946,-1.25391003883908,-1.84767041375148,-1.06425151739468,-1.31951374212457,-1.41194360499274,-1.54182950432435,-1.0111370736986,-0.58098006591172,-1.19408055974694,-1.35574786367982,-0.387246388078813,-1.20221075439561,-1.11337817631438,-1.74104215444376,-1.19767364760961,-1.1164114017301,-1.21331376613229,-1.1730816747949,-0.472367226783114,-1.37980877444433,-0.651448665940539,-0.938779567332213,-0.916228714409513,-1.17423412581808,-1.0343884769975,-0.412068068894011,-1.15892279904401,2.1481948999228,-0.909787429919958,0.921409886623071,-0.214150238565353,-1.00589733029661,-1.43122814775402,-0.936995308312095,-1.18296917088981,-1.92521965246782,-1.18551475714537,-0.324737446394557,-0.998119463007901,-1.44416421147009,-1.16661058534852,-0.491296643148498,-0.991183628953748,0.323664614121582,-0.994764618449858,-0.683552954855784,-2.1592991730697,-1.72835419896128,-0.766617413409846,-1.68330892057222,-1.19614938746319,-1.05794273875728,-1.22240802594464,-0.904089821619873,-1.06252106700005,-0.821213767992994,-1.1350172081034,-1.04116688295898,-1.06395403158187,-1.01411617472401,-0.85717031676321,-1.12994844719094,-1.08053392349067,-1.04114619955878,-0.742350540456433,-1.5310992968464,0.0911105654284367,-1.69879118325598,-1.10101196815701,-1.15224095497803,-0.960745451783819,0.871129919953317,-1.57967215729711,-1.75777636775569,-0.821123067231228,-0.898735318562788,-1.30675932738342,-2.04721559704012,1.82010876845287,-0.715791677151917,-0.827189055260384,-0.53638364251503,-0.645960041768594,-0.690292467032658,-0.748710015764252,-1.24770237898166,-1.02715484340528,-0.741971933570386,-1.29554827201566,-1.33225907397375,-1.7017916286644,-1.18535036401592,-1.65210780629674,-1.61596355120464,-1.47094603227794,-1.08328184534559,-1.79179028323863,-0.763673484904714,-0.72841708044818,-1.0648891142637,-1.46449728947611,-0.536682187269171,-1.4582782850808,-1.14371603475789,-1.34145591405733,-0.642239524301231,-1.74249562092744,-1.5895992128512,-1.76937284951043,-2.57540099229706,-1.66022167120888,-2.03178012183456,-0.864901050011558,-1.67275634966593,-0.789964747779533,-1.31848931502955,-1.14031157245362,-1.78965877857236,-1.68008420930687,-1.45498370786707,-1.17053652047297,-1.74119107604627,-0.852449092462131,-0.679460775184513,-0.944717960843448,-0.811055671420641,-1.18231196049479,-1.2827267476173,-1.2217249936587,-1.14364884203549,-1.60110238650288,-1.30004330491735,-1.01627352530802,-1.09216575029994,-1.4066584235715,-1.33249736676492,-0.891077838797288,-1.38643174349246,-1.57219917118122,-1.26559877515247,-1.66050462312415,-1.43326671226903,-1.30253099139392,-2.02185517136824,-1.61168183045593,-0.867415547399035,-0.847885341719019,-0.273121951301847,-1.02573250182382,-1.24262454692329,-1.26775136044405,-0.411331804399175,-1.59848361664276,-0.494044839090534,-1.62433736073321,-1.14504737516099,-1.42167766228577,-0.591876753267963,-0.900180347958777,-1.07674775726997,0.698252043352276,-0.282087916095335,-1.26526758462078,-1.71451369440158,-1.43811588114076,-1.25272324501653,-1.34706409372283,-1.46729632868025,-1.112617108258,-0.917181187740396,-1.0670339691787,-1.1054780869448,-1.06321412678031,-1.08395521661534,-1.16807553215058,-0.958504789606189,-1.27338300712661,-1.01201977756851,-0.986026154870454,-1.61859805414298,-1.70306222070735,-1.49318322910287,-1.51373562694835,-1.52519611181142,-1.60104192912046,-1.16674820197269,-1.20850520711073,-0.866029776310844,-0.691090106360716,-1.61126098388587,-0.881042580898659,-0.544434604619454,-1.47453369158031,-1.80065175112621,-1.61826608895042,-1.62554495941427,-0.832565174652776,-1.43490441370809,-0.410195734002982,-0.72558896936422,-0.954270935345356,-1.42344655308124,-0.886039579501628,-1.39592454973549,-1.51485365949225,-1.88556799061682,-1.34320336881967,-0.0774550217848239,-0.882483400479772,-1.39583355077823,-1.29283679388652,-0.762837262366471,-0.0590410072050004,-0.800987211279226,-1.48889623359252,-0.324810256907172,-1.20152633296379,-1.16953996644004,-0.817664811283933,-0.696945270554701,-0.484763191277629,-1.50436060845774,-1.79760124078192,-1.42878708931253,-1.39480513029676,-1.3445344515255,-1.82792889101139,-1.37129867811064,-1.01465911267677,-1.12731997019261,-1.72022923016114,-1.68652476261602,-0.945574727000131,-1.07338893417061,-1.75193156128987,-0.651436275948491,-1.34027376142304,-1.27397932363005,-1.45363980560215,-1.19306950820848,-0.949050342019659,-0.969465051323904,-1.46173830143612,-0.973383086142521,-0.997412074958591,-1.08028285268359,-1.12293853300481,-0.31758731617349,-1.18813125014925,-1.53209821601225,-1.35284271187125,-1.24738131296414,-1.47197569535562,-1.40027936565973,-1.10970531929405,-1.97485336035381,0.848546280858241,-1.02020666386591,-1.53591154521565,-1.1386868421029,-1.23379884026419,-1.3635758264222,-1.09411552327689,-1.89168102698581,-1.4088170753411,-0.27005261982337,-0.948971978296034,-0.707353976976491,-1.52833862307613,-1.13008064092673,-0.718182555924792
"UPEC_Sp_3 (GE) - TPM",-1.07273076129071,-0.698923062493275,-1.54855301201183,-1.07789983032537,-1.73762360436304,-1.66541281672023,-0.45965378403542,-0.554732107095257,-1.07330964927694,-0.8882731471029,-1.58570301573882,-1.55792825585983,-1.27773010811552,-1.07401574244062,-1.43545900573772,-1.48979875150813,-1.31115400964535,-1.13487331216207,-1.80465877060781,2.17760605309313,-0.80154676402538,-1.37206306481657,-2.04145466815901,-1.41325856068751,-1.30662506445632,-1.345362844928,-1.77182066107017,-0.887254908420488,-1.27410226347154,-0.764530008766845,-0.799602529631449,-0.795131798848007,-1.17608374054666,-1.00418346909384,-1.53732623815812,-1.36249884730648,-1.56005998108946,-0.754313214252144,-1.09165100584686,-1.06200606516724,-1.34755695107557,-1.70991716885776,0.0868633235094354,-0.364925952980233,-0.994675120297699,-0.600459398620081,-1.38550738402172,-1.26840523489019,-0.688579504345392,-1.27683196598888,-0.846554162336279,-1.32265519293633,-0.721580049736388,-0.163041419350704,-0.945327329483334,-1.70468861641532,-0.906275515603764,-0.80200857448493,-1.26430563137004,-1.18786387215186,-1.71097756026785,-0.273166935234534,-0.330936397398388,-1.63472971298256,-1.57760487348309,-1.13745748668083,-1.24705191631957,-1.33050843533122,-1.09202038082171,0.439115029190761,-0.65223170673233,-0.7094130027554,-0.616964039200668,-0.83077565957292,-1.35406556904658,-1.39503833438616,-0.912355303636066,-1.07038111064191,-1.07578934120684,-1.51843825080122,-1.44457105227115,-1.11441035738038,-1.54726368343726,-1.41194360499274,-0.75254215082132,-0.921220598227373,-0.589760034129421,-0.734258187141988,-1.24874417241507,-0.834348734085837,-1.50675312831688,-1.45854616445356,-1.08585931814256,-0.976071434746237,-0.101012435664962,-1.45347977561528,-1.18704763935934,-0.573031184411757,-1.41764152305133,-0.545470386297418,-1.17883399836746,-0.819829895926583,-1.17423412581808,-0.360076013317508,-0.412068068894011,-1.14045818727994,-0.454750633417927,-0.700452848721475,-1.49986587342066,-1.09044629894759,-0.999818521306764,-1.39488710126529,-1.34406326884888,-1.28898169384922,-1.44326601365141,-1.18551475714537,-1.1980065246773,-1.37172204803132,-1.38977992109504,-0.76692015298096,-0.701044051034949,-1.04075417895585,-0.433473845482966,-1.26988387780658,-0.99631214474798,-0.822265878762386,-1.02350678232601,-1.33233442924106,-1.19332558900101,-1.40517652774828,-1.05794273875728,-1.22240802594464,-0.904089821619873,-1.06252106700005,-0.826963265720795,-1.0631115194195,-0.920471936130534,-1.06395403158187,-1.01411617472401,-0.85717031676321,-1.01985337595899,-1.08053392349067,-1.04114619955878,-0.742350540456433,-1.83401409450059,0.513925585030298,-0.816261596132625,-1.12495036360402,-1.61099298980655,-1.45469850784536,-1.40365412668339,-1.57967215729711,-1.05204960802107,-0.928372630315157,-1.35116287950934,-1.33623056341234,-1.05711655013122,1.14462872038098,-0.860626366234136,-0.756979377137258,-0.522441081798074,-0.696326390485992,-0.840659784169815,-0.896714812876993,-1.24770237898166,-0.821590308781642,-0.808151272523794,-1.23030845974483,-1.34276237829495,-1.27334878552194,-1.39542244091025,-0.836574576473098,-0.422648733215615,-1.62188879738607,-0.921618051980323,-1.33537428462802,-1.66804897820588,-0.714270804568162,-0.742613597299657,-1.08110209394243,-0.693966620333624,-1.94070673469589,-1.01080293884932,-1.6541952431194,-0.719074323883312,-1.27060044172751,-1.53855787604057,-1.53568422216787,0.0795934886794228,-1.66022167120888,-0.484247379617822,-1.13975031476712,-1.67875713194399,-1.31777215197257,-0.982571062660624,-1.08295300255492,-1.62954127158856,-0.963314078525369,-0.878498657077924,-1.2693444860291,-1.59167571624816,-0.852449092462131,-0.0885364577747524,-0.959315885628739,-1.00461212922221,-1.38908405200664,-1.79725083351833,-0.988207861239997,-1.24354259927935,-1.60110238650288,-0.972314204315172,-1.08669913471655,-1.09216575029994,-1.38670683669112,-1.2833345341898,-0.891077838797288,-1.50786790926289,-1.2735611219367,-1.31342097854893,-0.520547087606439,-1.00262254289901,-0.763625414387249,-1.11579982832755,0.0880003034049387,-0.929349999317596,-0.450647827250052,-1.31220168288952,-1.42924312241319,-1.24262454692329,-1.4796106279984,-1.05391372992275,-1.2473915522731,-0.27803276806894,-1.28655229026828,-1.13017208295972,-2.00636141050449,-1.19515514716647,-0.907014112872916,-0.980360058494191,-1.68733704704346,-0.957459447428065,-1.28601310755811,-1.52411841727409,-1.426908215724,-1.16153435453646,-1.37688090339756,-1.42821594268606,-1.12421792235373,-0.905918476900629,-1.07962244881468,-1.12735468652426,-1.08963650624141,-1.15263247404292,-1.14482663776824,-0.986955260192068,-1.23998665933416,-1.06114786612837,-0.939948902513669,-0.292931655518737,-1.64598425343625,-1.49318322910287,-1.39301969865981,-1.83617390105476,-1.60104192912046,-0.337240211221866,-1.20850520711073,-0.844230089782995,-0.731469618982832,-1.61126098388587,-0.561022952165168,-0.574765749324096,-1.38144430659884,-1.41397862818004,-1.72569302825949,-1.64008534316628,-0.961074417775265,-1.78099017745404,1.11880663478252,-0.923391293578187,-1.12968254136528,-0.766245575757362,-0.838147875739267,-0.15560548531413,-1.39594392139752,-0.5896644550268,-0.912112946204215,-1.48254170379167,-0.850987424924661,-1.39583355077823,-0.535907821141959,-0.801368399322683,-0.602150347433137,-0.778969721915697,-0.789530695098355,0.416860655426014,-1.23200284592002,-1.17932377159727,-0.806707558992042,-0.733979055643496,-1.42430762617288,-1.50436060845774,-1.08121434830129,-1.17101169316462,-1.39480513029676,-1.3445344515255,-1.73816300752765,-1.39149069466956,-0.808889508989636,-1.35026776169309,-1.63938603201984,-1.50283741577049,-0.817138173068427,-0.978810166957398,-1.81203202093609,-0.538149907421344,-1.33366815446269,-1.26444518916538,-1.4478511317536,-1.24505712834381,-1.49882543726829,-1.54766138928768,-1.55987800285247,-0.973383086142521,-0.997412074958591,-0.849895295770056,-1.12293853300481,-0.934751716395864,-1.16186535381231,-1.30560240219626,-1.3705014891087,-1.43808128497025,-1.56005584291774,-1.40027936565973,-0.954051045740677,-1.87047278179206,1.6558153455528,-0.996958232793423,-1.34201462325657,-1.1352639051488,-0.971684299543526,-1.21275451087526,-1.42547629512649,-1.71749094931602,-1.47089547077514,0.243473005247359,0.00203336230310053,-1.12763432355677,-1.52833862307613,-1.47537549778356,-0.832585457657
"UPEC_Tm_1 (GE) - TPM",0.82766980523116,1.07890694491624,2.15541446240966,0.253480944352812,1.88894909429281,-0.167587365231783,-1.06428224218744,-0.364188753403387,0.193489637570227,-0.552539154189385,-0.365645705180582,-0.0536926288289353,0.0100667697453074,-0.270299624757186,1.24422646102066,1.24529728179295,0.373261583191844,1.16619458174625,2.00819343072451,-0.395913155092937,-0.452194062085479,-0.166799812112882,0.636414320573301,0.365812161000071,1.17202716915667,1.23002609624803,2.19937487654425,-0.276564873118162,2.15408002234552,-1.29123446160372,-1.09817739829615,-0.896394290763748,2.64758457572017,0.214069883489748,-0.62155640333669,0.241032883877669,0.847011848489508,0.735280150135339,-0.0686659364969871,1.21665918105937,1.97628274833121,0.804296484633721,-0.162247859039129,-0.0734050644170408,2.09167426444137,0.850917945023675,1.97156027701254,0.0271964271595761,-0.306292676524845,2.07487161543779,1.8013327301985,1.47347854689372,1.27901471772448,-0.201254372778041,-0.769112953802078,1.35883890367755,1.80971351572822,-0.619847836304645,1.47779517971223,0.850901755551006,0.698914312446399,0.577472707795194,1.56018882387029,1.4461520017159,1.19960001566451,-0.775513570865975,1.52455877600442,1.28528018202624,-1.08491051768635,0.851901223508615,-0.717438977766054,-0.736712209250263,-0.460288371837802,-1.25868834587683,-0.0130606240424186,1.89556249059471,-0.776509854172562,-0.919592596931617,-0.920639191048331,1.18926383412877,-0.697084134171359,1.05531118480215,1.45842587187746,1.10977825117159,0.132427866758158,-0.277392648826207,0.62391211956188,-0.484812826176417,0.164837968330417,0.121500579831853,1.41292101360692,1.54931903214992,-0.537412611590231,1.99822184493811,1.68460874140072,0.624697004559309,0.600983820616821,-0.604443977878482,-0.254605305359399,-0.653288699509158,0.811443937710604,-0.14116053160406,1.58623795586482,-0.919669928651728,-0.412068068894011,0.470218160779255,0.107062443701718,1.81504266136478,0.705728857982284,-0.781963183613177,-0.594366885113624,1.18288938182767,0.665352885173445,1.13341398458349,1.10169516690221,-0.1816622061102,0.288629184273333,0.414873091632929,1.53631571948727,-0.240290180882897,2.41410910358109,0.114693684685653,-0.379332893153864,-0.00239348618127945,-0.21604542377853,0.0311050172814663,1.26740800927062,-0.166518581511774,-0.340298894053846,0.718151438099319,-0.90196261765282,-0.733347132831874,-0.650124083535636,-0.788006155868704,-0.675656303521702,-0.951521054529951,-0.859788233978909,-0.73514519607354,-0.788864346945428,-0.680217090364919,-0.630478841817096,-0.819623081332109,-0.705715640545631,-0.426550564909245,2.06069717662216,-0.253035782269513,0.146156929198175,-0.325490086172853,-0.370910686022,-0.31569423222955,1.1440738948083,1.19919058336767,0.623238001466553,0.155295325991598,0.951340445050325,0.350940850236256,1.64555735402022,-0.805526920871093,-0.509192754082024,-0.290847646922237,-0.251194555921262,-0.429998847961298,-0.232553340476387,-0.166217295301399,0.371596068763836,0.190377023915615,-0.710581150867655,1.45038998882443,0.743570871008225,0.65943615844921,0.496212240955238,-0.149048131028874,-0.668561609667342,-0.708522679447957,-0.116044770911104,1.10837043878819,-0.031476668606239,0.760022937822095,1.31049783676828,2.05225805917655,0.499513040470265,1.59346984611847,0.820609546737635,0.573483216932669,0.169799806411567,-0.0699546732663465,1.23532193071366,0.989873988671557,1.01703094528413,1.31766562085292,1.80035742224515,1.18934312382124,0.93617950943962,2.16570337122952,0.205474974326461,0.442038298438394,1.84254593253521,1.6784790774361,1.9050508419348,1.09643848535439,1.755828657204,-0.612229268858106,2.20430165208627,2.59554894331684,0.9868796320631,0.274796535705319,0.934222351289303,0.0891609875909784,1.20470121436673,1.32404551746527,1.9260215468992,1.85221132234193,0.579484087245085,0.528552924534456,0.936982512475963,0.618862603169388,1.70385033799216,1.52298915372592,1.40596171727937,1.44249063867355,-0.30174388928193,0.692456446340063,1.56503211369608,-1.08155278448467,-0.561185887027582,-0.555035624339509,-0.831182724200412,-0.198726853758582,-0.351831196095317,2.03841754679052,0.734771660479159,0.46884259278763,1.10756404415044,0.0804949133958087,1.54304345694123,1.02725510807033,-0.0600399369647815,0.0658616776782382,0.127903849701805,1.05573990927382,0.26944321473795,0.0990875093912956,0.715761574227159,0.106505273477357,0.596942388216132,1.25958157865456,1.61782745821924,-0.22977296322121,-0.270640906782962,-0.240491164118926,0.044291468510949,0.331655559490778,0.390384324173145,0.767924443755652,0.400537307620154,1.33722708483281,-0.391409392276847,0.467297528048283,2.19870386897142,-0.274252563775434,0.678479920713699,0.946046650971216,2.21793342747238,1.23544455852617,1.02756753914647,1.63897580604658,-0.408657419682501,-0.614075814952092,0.288880809817274,-0.336603774934876,-0.459167469314697,1.00313463761404,1.40080797628853,-0.799543820979243,0.391244556045698,-0.486109868603891,1.9013188287091,-0.37922938336606,-0.32967485420645,-0.251936247833158,1.2705800412385,-0.966048080469492,0.854863488453481,0.802704982249786,0.753722218478058,1.46920169774614,0.211308592964972,-0.255655854071856,2.13383827335948,1.76094240790292,-0.313409269037742,0.556142194725173,-0.636930560893449,0.092127961408449,-0.515106531415765,0.834277670456897,1.4078337027056,-0.754562312043274,-0.292979611720334,-0.0914230073319193,1.74837514879134,0.711024037652755,0.880881941232562,-0.434976533820057,-0.185224438300369,0.634582628348992,1.9663537910072,-0.511155232970801,-0.118046009393892,0.0137546991657432,0.0216749300887302,-0.447775200604581,0.225908664323129,-0.822893603338528,-0.992232080591423,0.255653303332345,0.711879964087905,0.547812549850115,0.775376709803729,1.91237875738611,-0.114368153247871,-0.358905240043517,-0.312028074793184,-0.351772143729622,-0.427173867696428,-0.38639323656298,0.919283153016374,0.497347895388085,1.29240403549175,1.07992253869692,0.411328968755547,0.666328504978394,-0.306976059977386,-0.321039388531613,1.40764681216836,-1.19465653042872,0.501488843276708,1.34485361927882,1.05540009948135,1.83112814190298,-0.777701459449859,1.01649118839488,0.881602826502164,0.726157134320347,-0.906539677869257,1.63222558537646,0.406900288572462,1.09812716040041,1.2651267310936,1.28344877925474
"UPEC_Tm_2 (GE) - TPM",1.13811868826925,0.38115497825626,2.33326972839159,0.247931160573108,1.58202097827424,-0.46240836549285,-1.06537364141487,-0.500528282675229,-0.00654904630225907,-0.390241711603957,-0.219631534436219,-0.00776449854816096,0.01642866390755,0.325670782341261,1.39798491420892,1.09540790386701,0.328724688864218,1.24734717667348,0.835415101956311,-0.745535599799005,-0.408450550661242,0.00613967769447873,0.691566079703653,0.464424890550626,1.37705488820485,1.59311957772282,1.54345985142023,-0.431675606428418,1.06236727480802,-1.33383232462517,-1.09817899283333,-0.925576819910258,1.68783548032947,0.245194038135276,-0.822366452892014,0.819002985711908,1.51301343720779,0.419507989345444,-0.216056584234792,0.912715134895043,1.86690409059447,1.30393824588926,-0.538268683829777,1.7466012957821,1.72675850295844,0.487911297669627,1.06723324084581,-0.354133237513574,-0.446201419887643,1.54952745291063,1.73326623267496,0.755844399802771,1.19102119548874,-0.434844346513491,-0.844928727205772,1.62544683822164,1.52254707281272,-0.672776349294883,0.988763200239855,0.765464673547448,0.390676152830203,0.160800800004568,1.62193034693123,1.83987331006331,1.15993867026142,-0.928750863745375,1.34698700970602,1.24577032513723,-0.0893442654940048,0.71671900722267,-0.729498355723361,-0.724246914997842,-0.534504533255407,-1.22025988496623,-0.333416368553225,1.66119642535802,-0.830134425520363,-0.922836612936844,-0.890327158911765,0.545735270266368,-0.662525903311351,1.25182493726585,0.923309437778857,1.48794993527722,-0.124994979542564,-0.243932965708126,0.449578451694124,-0.337703423275356,0.0693391508697362,-0.415382440980258,0.849914640015444,1.42348997912954,-0.815399295933161,1.55974186629348,1.25861870032096,0.393089399897065,0.371783393257489,-0.103710244998438,0.0330532209434802,-0.515178642385187,1.51617622644958,-0.12986960020278,1.69221125264942,-0.551371044467395,-0.412068068894011,0.127796321635042,0.462492871522371,1.5055570969887,0.58390121837514,-1.01102589622517,-0.829991078792603,1.12422663788014,0.335160974758302,0.695661303014397,0.027480131443673,-0.0717281765824861,-0.518530591457296,0.847531618134019,1.19260635202627,-0.806631943468479,1.85497120789472,0.197064930726819,-0.828150943317522,-0.259041916228809,-0.180054130169262,-0.0842139295688041,0.693545692727963,-0.431976754116785,-0.484125722259766,0.35234883027881,-0.811662433555111,-0.895712863437467,-0.60705881129312,-0.860250286458519,-0.676240138025441,-0.974058347194589,-0.911484206572769,-0.926051303930167,-0.887916061325297,-0.623082460098724,-0.863788150484016,-0.735380229038087,-0.752263442034246,-0.430711011429442,0.587194707555224,-0.344262648019997,-0.28107602497505,-0.328128071240903,-0.26488757447712,-0.1846499566307,0.446770183292338,0.767186347182061,0.984676185848334,0.546607939637226,0.568980304063023,0.309881800305924,1.46478151640094,-0.0767368226716313,-0.615716655285049,-0.618102401044617,-0.514261623723229,-0.516978269181847,-0.393869114863754,-0.323529914253896,0.0642309539806825,-0.128048323884662,-0.776295486307139,1.3143613023755,0.584210822036481,0.695591568759426,-0.0432158993516084,-0.556778893403135,-0.429950021477442,0.19979489557954,-0.352008510388999,0.486824866691703,0.132576172835482,0.919388180463818,2.10064549930775,2.03703768886281,0.00861542611434414,0.719619065596884,1.01598538962207,0.934027642675042,-0.174719199451225,-0.179135981366881,0.998293189612111,0.632761585036642,0.373300992192513,0.956459564384667,1.75564517135525,0.881775305957223,0.900790895578144,1.73987924472276,0.426019735499011,0.297096602854099,1.70318083444659,1.38303109344937,1.82204879195008,1.04774246027201,1.67089910954824,-0.719185688645049,1.72497410872016,1.95074923959466,1.23617816260497,-0.657829091739288,0.295448643174662,0.240402977734891,1.32066337907312,1.42424506193241,1.76732431324842,1.81006839611623,1.12221853873221,0.531358664693159,0.695874551726519,-0.45760932390412,1.05186390565942,1.91932315855659,1.09950842584674,0.363893919116013,-0.623519433386268,0.885227783094109,-0.0260762126205072,-1.38340039251799,-0.473929210546283,-0.314362342284761,-0.871206916887159,-0.183026070775627,-0.422170634197197,1.19484034682424,0.391703909815957,0.355811855400628,1.01701653167283,0.265968579150178,1.595801271317,0.863392649623007,-0.299026466128663,0.190521913297742,0.0287810845788294,1.06881883523551,-0.268876859231822,0.302619479819012,1.01728381771455,0.780582688352099,0.570626354146701,1.11540123372194,0.991637577921198,-0.299231036840486,-0.254603657528733,-0.0450375649087422,0.321452055264531,0.422815631749765,0.939395685527918,1.30892884140898,3.37601289660019,1.54049997272388,-0.387833075134895,0.586290254622147,2.01907821259872,-0.435413598054243,-0.293073555564287,0.44677970774408,1.1114188601444,0.0429968436024853,1.00866668567035,1.02078750356142,-0.481807624621236,-0.661558794339945,0.0725101279701398,-0.52286511370965,-0.479433096801345,1.14302288996974,0.242062547328557,-0.905391429573436,-0.0549389061400507,-0.683826995953681,1.63401411405246,-1.29227059971776,-0.349739232629359,-0.459881867404829,0.67816187005465,-1.23360768433482,-0.470451441137527,0.472044658267176,0.43749107929074,0.932936013558983,0.423911716453091,-0.462615917127313,2.00591251250934,1.63115172512917,-0.349325407425417,0.661019252794998,-0.73894197471605,-0.226032302607376,-1.24177767367267,1.11095746869764,1.21988597941512,-0.766058212487167,-0.414949103779957,0.0156268749720014,1.3525744050164,0.671961088049907,1.64097511774629,-0.567014492983821,-0.647216719376311,0.621124231717482,1.68490015295352,-0.666763553458186,-0.697268613702512,-0.0552943362552518,-0.70068403812041,-0.527860608696175,-0.285820631777045,-0.567613039379381,-1.05158301043963,0.186043112829572,0.712507713834635,0.825939215710875,0.442260862731546,1.41779313568104,-0.334335680221132,-0.47462418436199,-0.424721239500698,-0.345655254817524,-0.56827386353047,-0.72508827320174,0.613116646346907,0.368320103476276,0.808370023330956,0.686178675345366,0.73693705144874,0.865553460691182,-1.05503143287429,-0.37941608161615,0.913126047398199,-1.20891155680022,0.314103290447744,1.64154965835325,1.1321487529521,1.62751080977745,-1.02596655513054,1.28169906552009,0.294448716647904,0.808087877310338,-0.908761401371552,1.60044481938117,1.85663272073612,1.61069655822124,1.28660835007387,1.15671722745099
"UPEC_Tm_3 (GE) - TPM",0.856050853615648,0.85573027022069,1.00632730356079,0.239043450745227,1.13970157593241,-0.38464307631192,-1.05712468594643,-0.282007019915811,-0.0496967310957539,-0.417885409295817,-0.486307733367589,-0.083356426194431,0.0319681770871993,-0.0973155491540039,0.701770679264186,1.02788187377042,0.133880848960139,1.48417313881834,1.22469446665677,-0.750491881237452,-0.572501619791515,0.278375289801981,0.585998754415879,0.388682452855126,1.37346432518758,1.00731265378355,1.53577999314023,-0.360495543283225,1.46467878867168,-1.27679179585006,-1.10575240346091,-0.899855784996739,1.33911494823586,0.223038590778156,-0.762209571565439,0.677990658631361,0.83157369510181,0.198606865384035,-0.128086286570663,1.17825257488562,1.66590386574624,0.84545065145706,-0.485441571703276,0.624519463615715,1.63129832389474,0.0389068119777794,1.1043197552988,-0.0674463522525147,-0.44731851030446,1.59555151728761,1.72231604671384,1.07936131039462,0.907140702713915,-0.160920086315015,-0.943643869672091,1.07786082493255,1.47253219450225,-0.784611606717736,0.474609024168584,0.0790630726731904,0.251861099879894,0.831201311844336,2.39939076119337,1.7818496417497,1.36938245687122,-0.829268863224508,1.57710894840067,0.750347922402901,-0.189294311109242,0.522980792790421,-0.712367197895903,-0.709020317778813,-0.371934153334011,-1.16288955505367,-0.272270827812002,1.76788318394277,-0.799047107065056,-0.874415697304209,-0.870305919706806,0.908589449451998,-0.483477738191492,0.826919211581292,0.958203803104576,1.46041810654131,0.327665561445607,-0.350073284025502,0.369219153184781,-0.492645853651547,-0.113477267762263,-0.32057651200813,1.36097108583983,0.494605515892459,-0.560668139103971,1.55606207880553,1.3011468859861,0.567970886383864,0.582339056781862,-0.723653964919582,0.0996386569990358,-0.582120577500417,0.440889089426549,-0.0957508386996605,0.575976832252257,-0.735368711239001,2.68488796046145,-0.0332837287998872,0.23583547154234,1.43351815921213,0.535844013330894,-0.889739595191627,-1.16954210896917,0.693112782537652,0.605556366418868,0.91176541045764,0.821074809451848,0.851184685717407,0.759884187690908,0.474881203295801,1.67958824315893,-0.186007374742594,1.78338099872498,0.14107344177832,-0.690080909970351,0.222822862650786,-0.220701272436268,-0.262021437380935,1.16437253981975,-0.400888841740991,-0.727276340371394,0.782189562188361,-0.732686605903525,-0.790950037089047,-0.492194458878572,-0.862170661909335,-0.664449461291071,-0.930945906744248,-0.827081118975972,-0.830941645386908,-0.775476070985756,-0.625304909587866,-0.754026819997549,-0.622860173933271,-0.50463354792187,-0.618878221375148,1.71026037397524,-0.0428189703559966,0.218394552130309,-0.381201811619961,-0.485389100070892,0.425224006166437,0.110444497214812,1.14917938055144,0.00929486568773962,-0.133164967219895,0.636336399498093,0.303033109834525,1.10721427066201,0.181158568647565,-0.595575132117588,-0.380463181827411,-0.541381779643711,-0.538607001856576,-0.426494622754115,-0.329691042379734,0.468817040311563,0.232542145969891,-0.708726450308196,1.27520099005502,0.881138407043507,0.653209223111195,-0.15908221213601,-0.205534780198574,-0.73754432740032,-1.13218265458222,-0.0889024014370851,0.653991603950217,0.345834911034311,0.706438710906352,1.6050747483913,1.43424602039072,0.285773370165453,0.761206589283794,0.675670204911497,0.646516370131352,-0.101781848616986,0.852316606000932,1.4031096564321,0.935104075040517,0.0608377574092984,0.789875422572357,0.896194252010644,0.726290969695219,1.64464274421901,2.14810943804897,0.856339947947026,0.1854011164649,1.82213965111779,1.29473731068934,2.11982880238,1.22751366663236,2.166483401664,-0.639221246963162,1.83524364140419,2.08748053235306,1.14709792571663,-0.0174246812614653,0.7622451012115,0.357303656149945,1.21912594546613,1.69695776853619,1.76075598009514,1.87384984050097,0.644834450601422,0.309164198303292,1.09261997852413,-0.0323715806936273,1.65138430997603,1.73698045845925,1.25377482303532,0.749079907906376,-0.363854083475491,1.26737118185114,-0.0049015211281245,-0.914496642195876,-0.769740034456895,-0.389888678756277,-0.826859543608492,-0.0104429306518881,-0.379168562513638,1.4594048146548,0.180962559209163,0.295740374606218,1.07959794333851,-0.0815133639664518,1.41689728168882,0.932387620510226,-0.561140317616846,0.309810552056533,0.150649621237909,0.764081386605133,0.470026660329072,0.201765314296607,0.49916822183852,0.271232257731895,0.425633162699344,1.01004825791274,1.40510204965442,-0.26054209594317,-0.272643412871986,-0.18215834061178,-0.0839128170950254,0.188459749822694,0.333359936906661,0.946118185954192,0.348179131468898,1.39271414713362,-0.595042363580499,0.337086096206549,1.70916554101581,-0.275302896726251,-0.134650962678527,0.76256163293892,1.01806981177611,0.25199925668285,1.21722556731722,1.33269194405075,-0.406678816990385,-0.655026622943274,0.541698157690598,-0.469501376019691,-0.494070237265855,1.32585026336831,0.839953100028517,-0.851379641944426,-0.00872626799882952,-0.47036854723078,1.8076989254032,-1.1953599937645,-0.438337595163775,-0.285680397131824,1.75732317060373,-1.25981205822413,0.217443850012322,1.03197598886979,-0.0863862306002965,0.994399104812867,0.0746786305262204,-0.193848910308282,0.360581668915824,1.47871907363819,-0.509249849179883,0.744795601436911,-0.707560144896529,-0.174400908822726,-1.066020912029,1.01083257828252,1.2644591047592,-0.776980693022453,-0.265398033447338,0.22138119401236,1.31443949055562,0.807353567245199,0.788806221191383,-0.549644943155003,-0.222151273650373,0.326550369949025,1.89821808973763,-0.317143305058821,-0.438223881640081,-0.404471722200607,-0.215361654501136,-0.518668678154361,-0.0794019331671877,-0.684691712488499,-1.04692376720026,0.117028913548436,0.542329886199114,0.827020477322228,0.656712282859516,1.77529291169653,-0.00826905693282603,-0.422950075615184,-0.447461016012379,-0.0456116449699511,-0.633932767279047,-0.486359012552163,1.03876605355792,0.294822884886404,0.619259554806218,0.493664352292348,0.246248529317075,0.854162156956106,-0.0323988845798827,-0.515775023700062,1.09439573625525,-1.14068480611618,0.443861735789552,1.24869737981843,0.969470045296246,1.52739193706946,-0.948914890007236,0.513077933261597,0.939441233226029,0.769053361228857,-0.899364577436277,2.19467575496026,1.25243608897748,2.29402111527451,2.08798107398884,0.998775067359813
"UPEC_Vic_1 (GE) - TPM",-0.510233817651416,-1.40192261665259,0.069062856335376,-0.872571660572328,0.513914804602081,-1.26141002471319,-0.951559856102034,-0.995944908369904,-0.604077497066371,-0.680438367569095,-0.815814045429361,-1.19126025963193,0.186808832427789,-0.103290025632524,-0.601464283798995,-0.407958264520311,-0.987101859091092,-0.151165335926013,-0.904346611977974,-0.599567559798356,-0.884451009157498,1.13506569927164,-0.796861337084952,-0.6090575488027,-0.783385632127526,-0.550907047117201,-0.672826643585605,-0.732263794307584,-0.255264073799201,0.654934385038726,0.841785723290937,0.186749728898229,-0.63347053332007,-0.30632677976142,-0.19138284512943,-0.557035906893281,0.315826541628261,-0.967370026896496,-0.77118937260878,-1.15321832395447,-0.149571390278038,-0.154535983034878,0.897905493459985,0.486858246044689,-0.324794595412001,-0.645576904145762,-0.697938311917434,-0.650422436194549,-0.423693774156131,0.371439687007911,-0.770055379251055,-0.837984134771195,-0.689229004114086,1.60677527378689,-0.963257388160581,-0.657223346958733,0.0623818244522713,-0.859478462603505,-1.00024384685955,0.806731023544794,-0.319050592975006,-1.14149292472189,-0.433667790908481,-0.623833308269337,-0.770028914038995,-0.726281470036212,-0.0804233764775968,0.00689083961449452,-0.796971753496033,0.223599897148777,-0.641849764366389,-0.633351421030114,-0.616964039200668,-0.70773108166706,-0.925830269933528,0.199621112693307,-0.799139366496935,-0.999581254731098,-0.920219661194724,-0.672918777637978,-0.0827658222139515,-0.587606483004322,-1.2567534010066,0.207822424597568,-0.477418944999324,-0.317342843652893,-0.182312868063559,0.457566930860735,-1.0829051222264,-0.338660605508554,-0.202925232921391,-0.476823115570154,-0.731279611996389,-0.320010399278558,-1.08311731124563,-0.667102603119868,-1.14634331907294,-0.413456830202636,0.0204121694890259,-0.974797445923298,-0.943758740233397,-0.823906820637197,0.207522614740257,-1.0343884769975,-0.412068068894011,-0.126066601661854,1.22991510240508,-0.248633190219987,-0.595842611015265,0.718282720631891,-0.227204133643337,-0.784078785086496,-1.09841587780323,-0.588331777014919,-0.97612900527936,1.07564201084193,-0.111175119101781,-0.277094704790219,-0.587286790656376,-1.14352712220728,-0.807990725075527,0.0205807408895212,0.0873089872558431,-0.122560834643399,-0.249251497411009,-0.146545717726286,1.66899320489288,-1.12111464554111,0.220766681379227,-0.0653486378979747,-0.480180431371379,-0.595343763133765,-0.851828236462013,-0.859156218473801,-0.780445989979243,-0.953768195332857,-0.965109479293598,-0.921227497095684,-0.893000850482837,-0.777453632277352,-0.991192923551776,-0.84545544864046,-0.82936316580482,-0.742350540456433,0.880343631180885,1.33526122224249,-1.06020734477234,-0.716738675111371,0.230604120537222,0.686217710497247,-1.12054473857993,-0.502485150331053,0.0541899385870092,-0.950463550323161,-0.393942201533033,-0.0149480949518657,-0.487407898697747,3.00700188311372,-0.401271680147517,-0.31694628004006,-0.797871002814116,-0.827852015764466,-0.789744441568765,-0.861079335243293,-0.667942907592913,-0.764031455419208,-0.591776042495263,-0.55427764430155,-0.721378456914848,-0.699054025178291,-0.767951427685523,0.0181266188912382,0.527185133330558,-0.0428557640447573,-0.609641104369618,-0.714649999010785,-0.621408899556855,-0.570462660051019,0.0849528386092766,0.0153100174631784,-1.12952119615017,0.374193948801806,-0.518128025232004,-0.797908386561364,-0.70192792003392,-0.850383985412935,-0.998375483374618,-0.889260665777454,-1.00408178406694,0.929506211573235,0.0811462161380909,-0.083501956733836,-0.525857662985287,-0.945933283289009,-0.683440272830298,-0.511684623811852,-0.347786183162653,0.956895267541205,-0.930067904166032,-0.788415029421196,-0.397556346070317,-0.599940377889564,-1.44472253169143,0.279392236561187,0.103489502487551,-0.858014665891367,0.764163279556991,-0.857813190043008,-0.460735961506974,-0.215233909359574,-0.311896834358124,-0.148859703817563,-0.31293914377938,-0.136403281456769,0.202743067180423,-0.891077838797288,-1.0453687746728,-0.74135707599274,-1.26873719085201,-0.0441985673204367,-0.664368854902485,-0.651316386236801,-0.494169991771118,-0.808375145635068,-0.795293306622895,-0.722723291508991,-0.277648175160572,-1.27765613610216,-0.211509936191595,-0.416770548695321,-0.642517802565859,-0.805689112085709,0.192439283577909,-0.772899711292696,-0.354774321748447,-0.596485835316877,-0.744667259279617,-0.349548145067772,0.255609008678462,0.489927311554144,-0.134609942139324,0.0808052683731259,0.356750374188211,0.478374340603231,0.0728474455399569,0.308036850666642,0.623183177230697,0.683586981180875,-0.182553389685989,-0.283272689651564,-0.209114448790797,0.309938991062516,0.423066597250492,0.257246323615558,-0.162652930336292,-0.00213323190353675,-0.481633379158355,-0.301880089159009,-0.830323799336407,-0.320291533188419,-1.49318322910287,-0.889714335509881,-0.829898591182841,-0.304345855504693,0.478083620891051,-0.0690475415321116,-0.751773694519029,-0.665355620679176,-0.857160557733758,-0.175217527526692,-0.634937559056097,-1.19243018460138,-0.704151063917424,-0.0253207594355534,-0.497796531111922,-0.673188137850893,-0.833400081550505,0.172628128076894,-0.775685769573488,-0.904852657874104,-0.506415025484237,-1.18804474328849,-0.484055202425883,-1.023646027025,-0.43716194989814,-0.407122472069511,-0.942032060841779,-0.565374227064114,-0.504412555036891,-0.509213499541175,-0.375454648568703,-0.886541721592228,-0.186009015548482,-0.808401855443577,-0.966988627313129,-0.0910596047026805,-0.0634824461310397,-0.747737565100084,-0.458624425502891,-0.332947209208911,-0.52640750655738,0.177448768744934,-0.372924924682601,-0.364073102290615,-0.884444484844862,-0.795667670498483,-0.160652111132343,-0.721836421483332,-0.550940196237018,-1.30448928344595,-0.933356411548453,-0.883749440646136,-0.827539048801749,0.332935933345239,-0.247610598493677,0.00423927837615888,-0.811035147934751,0.622013428666428,-0.049051024095106,1.23807595672384,-0.324346236547949,-0.533225082498549,-0.0391718042040659,-0.203512576742575,-0.204612097343165,-0.907552731379536,-1.08962332546261,-0.0100016814521852,0.129127552175041,-0.514670180810358,-0.222354545969781,0.870951505369703,-0.914317870489405,-0.672863206544555,0.262430774261244,1.86744814810942,-0.88302020017416,-0.981581534611922,-1.06406779603598,-0.650863869978298,-0.840845348523447,-0.35324485332643,-0.476678574540627,-0.968705613906501,-0.862040699145137,-0.955175690921706,-1.08966957971997,0.194439658263419,-0.848444459826834,-0.346864158301393
"UPEC_Vic_2 (GE) - TPM",-0.678784660422969,-0.802389329139976,-0.0388523825119047,-0.848564849690623,0.638257742967094,-1.32001931545999,-1.0215500448856,-0.932370689371861,-0.894157084884629,-0.897052892991102,-0.553317270077373,-1.43098420448237,-0.0317815638671091,-0.204005715149103,0.0513476130476194,-0.569110062755485,-0.920922709775003,-0.205144848765023,-1.01023993343344,-0.247395786072333,-0.935335206573395,1.17877060593143,-0.140714611032784,-0.885105566077996,-0.813115550641397,-0.73690207309848,-0.2225457797547,-0.577144647159888,-0.53981755580475,0.230598614310634,0.975105414785224,0.239826416047056,-0.447427458896698,-0.464621839346171,-1.01212659489109,-0.433646966155744,-0.481528382634105,-0.376723280311481,-0.826061383228983,-1.13067394545398,-0.35351761617333,-0.41804550852219,2.10329342846928,0.524752967283148,-0.466216792023002,-0.749251558569768,-0.856495290177234,-0.616914502249516,-0.446304015445512,0.117358670303442,-0.901001438218546,-1.09181170534951,-0.807898346886645,1.34133086430711,-0.967427452727398,-1.00482575664971,0.108070396506865,-0.877322268879805,-1.72321971064571,1.04569609163681,-0.498441469915151,-1.03327574605566,-0.380954408250194,-0.772798328314247,-0.916893371299741,-0.733055609366145,-0.398533359466146,-0.238513857250442,-0.652013309618519,-0.780395679443013,-0.662106845747736,-0.651011993505152,-0.173818106456468,-0.937799489338514,-0.967470589869048,0.0775050538166721,-0.816298016260114,-0.980276630499538,-1.01744723776223,-0.583397942463979,-0.112389518460403,-0.544369834371903,-1.37336782619171,-0.175092137825356,-1.09742544574716,-0.179676529702483,-0.255721593155253,0.221999286994366,-1.0726381861937,-0.618039008084841,0.113993455605406,-0.165769025057643,-1.31029485544086,-0.436694604513752,-1.1449807614374,-1.03138638193752,-1.21545995566282,-0.737270582806481,0.125944089351755,-1.11545966508972,-0.995543189401601,-0.722498948082632,0.935981572601734,-1.0343884769975,-0.412068068894011,0.162219797314863,0.252397059839854,-0.615571241307097,0.340963773691479,0.103600062917214,-0.656050669256259,-0.718335298321704,-1.26431752924215,-0.488442045793674,-0.765660419940922,-0.494868079978783,-0.534083961268486,-0.636761050298914,-0.405630665120583,-1.39274926763631,-0.874801045997581,-0.0512871526382429,-0.279207821291474,-0.466062315521802,-0.25664056146846,-0.944047285789213,1.22444197603002,-1.11728485246555,0.36008016720418,-0.228287988300228,-1.05794273875728,-0.743582480074292,-0.744462277657568,-0.751942740732444,-0.806962656979124,-0.962015287437914,-0.954050864742864,-1.02035970491452,-0.829149131684185,-0.85717031676321,-0.971018111124287,-0.901028271982362,-0.976459287704094,-0.742350540456433,1.04470871136404,0.0588286630773893,-1.60834031029377,-0.764976206900216,0.300910768688205,0.735715250472946,-0.971290124310808,-1.0313129887686,0.494568989026197,-0.652352303976251,-0.52563899866007,-0.00676260511530748,-0.361397188087401,0.559973245492883,-0.405844317842734,-0.15295723353643,-0.797871002814116,-0.867120664031205,-0.876699707670078,-0.887413148776191,-0.657430829857824,-0.977389199148909,-0.5806122947457,-0.574110698158667,-0.735821184143873,-0.636319116797055,-1.15585437085245,1.48731145701981,0.393780483356564,0.542509527270954,-0.757015041600976,-0.660263455848818,-0.941051490491726,-0.577220959753752,-0.706358392078109,-0.311457342552551,-1.19099765353219,-0.361179597861005,-0.830728421224685,-0.940893803077269,-0.751680069079489,-1.40188791445225,-1.14575668549552,-1.03415932977637,0.150658537068311,1.30604815285832,0.450416966415483,0.158222729323797,-0.853389788465261,-0.915353198103594,-0.995207505677964,-0.536341648396725,-0.0717632816816035,0.98026596831897,-1.17173826071725,-0.708598640102465,-0.88943841112937,-0.521908471157984,-1.69833038760742,0.0338075791292734,0.123581370044959,-0.862664767848813,-0.428125835409296,-0.744398134459177,-0.480888764730414,-1.21628508964898,-0.238005502446538,-0.163088214423528,-0.401178805764222,0.241636523147438,0.435762978082811,-0.891077838797288,-1.14908448968169,-0.619088048629222,-1.31382652964429,-0.106314964299533,-0.397155803953304,-0.986434306388092,-0.227389225896408,-0.487107728803,-1.0502208751358,-0.847885341719019,0.00443808714820061,-0.805319405052827,-0.100955556980733,-0.617130953857707,-0.0487020295226714,-0.979028115753371,-0.285570635802083,-0.974180556299025,-0.522395539692561,-0.800809566152204,-0.736499106710456,-0.190537590683617,0.0835360982488289,-1.08277103030683,0.738126081455857,-0.121284491157434,0.480280561805115,0.308140856906665,-0.138845963946619,0.0945113180957096,0.5819518322222,0.345408617270383,-0.357119997438252,-0.386281851072471,-0.138022968659309,0.205157852260869,0.307782285700034,0.0571824713307628,-0.143380829808059,-0.206561434293873,-0.495404806716405,-0.26071691484023,-1.07252568584128,-0.682043340729635,-1.49318322910287,-0.959354840808891,-1.24510416053788,-1.14404702669351,-0.254171484799025,-0.472276429143683,-0.846551608451103,-0.63845505655784,-0.13055472136011,-0.573061326942355,-0.661410836128899,-0.89756845015668,-0.684269542365612,-0.184345330148851,-0.475529425556076,-0.83894684529732,-0.728512066599663,0.972811742245757,-0.622623914082982,-0.773822559145816,-0.790967908141697,-0.64611402457994,-0.998037476138071,-1.02957852647381,-0.931059273585479,-0.52443010924642,-0.559963089014554,-0.470240235638791,0.0627836805820243,-1.03267425425808,-0.66733126566042,-1.21634571127398,-0.188402886280395,-1.02163865547734,-1.11748349112554,-0.121282827435728,-0.109641386703817,-0.762544864918989,-0.526220511067499,-0.114739472438566,-0.7874673051972,0.184533374670097,-0.808590837001017,-0.847281106340621,-0.876102229493207,-0.995156917914124,-0.333603482712131,-0.290506304883718,-0.68654925413582,-0.375981924911472,-1.09168222374879,-0.871914001781617,-0.788948497611515,-0.165418188757885,-0.169691550864198,-0.161752595151798,-0.747688886777874,0.150693783437283,-0.205797014037996,-0.349383330688702,-0.631855471833202,0.380291194124885,0.0728821404908494,-0.41364395632498,-0.416563686927353,-0.300596788217976,-1.18536373376633,-0.726538537943191,0.0983226672447993,-0.462869935704737,-0.148005539637424,1.05308947953537,-1.40027936565973,-0.78304999075074,-0.0219108337040675,1.01390518272337,-0.937000269975136,-0.625735804339258,-1.07375038525786,-0.77428209567113,-0.60154999415658,-0.795664996010733,-0.702446652005694,-1.01072955812131,-0.875250033502662,-1.53100088257701,-0.616547975436094,0.0193219691056748,-1.21266154950772,-0.719186807346476
"UPEC_Vic_3 (GE) - TPM",-0.614925431238041,-1.03035559069189,-0.441995959231524,-0.922360843704488,0.758146970346483,-1.51006315879406,-0.970282745133592,-0.778344588128486,-0.866961466515876,-0.862956041010049,-0.859028718923886,-1.13012066764516,0.301876716998006,0.00629420359700676,-0.664418184376567,-0.307692297361056,-1.03002438677263,-0.317500911378708,-0.566248594234448,-0.239411595832317,-0.844453657246824,1.26132653995673,-0.946817095219894,-0.600947308348591,-1.05223881652623,-0.818700248749383,-0.582182628279924,-0.721653548521061,-0.639344083128377,0.420408499741119,0.877570540537243,0.42839312688295,-0.301926859919897,-0.334650678394978,-0.501276543501612,-0.148071185957746,0.380962292218774,1.60739776007296,-0.835352581845175,-1.19727723426488,0.0559869096007212,-0.283782547672321,1.8831239116455,0.504643129287078,-0.218369854245168,-0.781004262314862,-0.755865139492377,-0.746783143785212,-0.293885907855398,0.577070053552935,-0.792408850230266,-0.728690550664753,-0.736772074141596,1.84781596171766,-0.981787766284439,-0.783427983379567,-0.0169895346102788,-0.47257503338464,-0.960178619285391,2.26399333828482,-0.448864642504311,-0.824693416473466,-0.291982166442927,-0.882415250661179,-1.12099979541209,-0.779257897050129,-0.393802016629148,-0.49246116479746,-0.631993431826075,-0.000880866195470207,-0.679762713288087,-0.658779073048126,-0.616964039200668,-1.32069340239749,-0.929240980185868,-0.0903632544571559,-0.691077458629981,-1.0081116283432,-0.964047871844891,-0.525674119404869,-0.10249159936101,-0.535421423551933,-1.15756502973082,0.582506626851269,-0.872199683251925,0.0103678344702429,0.161324133419552,0.538902431522612,-1.10167083829178,-0.549922619565513,-0.146671825141274,-0.434910237939071,-0.858214441322759,0.00913402596014099,-1.25090537040814,-0.949860123605768,-1.18210437306631,-0.383014578858504,0.110673709162105,-1.16163995830168,-0.0799208568167265,-0.816096253781433,1.49937031640617,-0.286931031611609,-0.412068068894011,0.0110112859567485,1.34582867806352,-0.134176784649708,-0.616419936187023,0.332408433938192,-1.0558382942679,-0.903363772007961,-1.10094605584029,-0.251127405526656,-1.12387045188356,0.140298311554355,0.331407412726392,-0.575505006990614,-0.240005292673035,-0.699255567212986,-0.736555110686057,0.0537514747049741,-0.180374650581676,-0.231062022787243,-0.2440033878029,-0.347885327150992,1.60232223622041,-0.960792809062276,0.0366138340417312,0.197990799966532,-1.05794273875728,-0.548337857344397,-0.812160203616065,-0.704796501699714,-0.764682678963788,-0.975606118178485,-1.04116688295898,-0.913318006105065,-0.659040661900119,-0.85717031676321,-0.733326700319443,-0.701483330379084,-0.966639720935051,-0.742350540456433,0.553302211377003,1.03160211024728,-1.56733379302429,-0.707474114976173,0.179013539749457,0.563599726022166,-0.905656643378637,2.2099331420579,1.55396269042647,-0.996410523313279,-0.32108664673876,0.150438014288091,-0.358756395815136,0.997768464502779,-0.424596192853337,-0.264376674605732,-0.797871002814116,-0.852783353555989,-0.890875969402957,-0.832512307666488,-0.71891022718227,-0.916031162999876,-0.310434409511771,-0.56573951034444,-0.682142562445076,-0.357313240170084,-0.935531025123631,0.607884472717402,1.22796563916949,0.327871295524524,-0.666253602253979,-0.768059742482892,-1.01518898790675,-0.50100986173348,-0.247336655549949,-0.242670057323813,-1.13689696455175,0.275540480419981,-0.350089520795856,-0.421822798067202,-0.716469541127285,-1.08864153924487,-1.03052770099637,-0.967627120451268,-0.889347007145281,-0.0152142514746444,1.11311789521665,0.121454462988604,-0.708702389494335,-0.758785172457134,-0.759954631619793,-0.516905380629854,-0.252582558279387,0.308276046673827,-0.734962566423418,-0.714450184644089,-0.507169412198848,-0.535184787798727,-0.806123492422017,0.216627831813728,0.492585912120112,-1.06660466789246,-0.220290680560106,-0.882882568136974,-0.398791794877841,-0.825444428275601,-0.132390399359278,-0.46999397905649,-0.605794784744605,0.177658755793782,0.0798031839350022,-0.891077838797288,-1.21741874871776,-0.50896485959404,-1.26913315468296,-0.0809888319736164,-1.11502830088128,-0.582573045596468,0.226117739594733,-1.0229154318956,-1.03320289907849,-0.847885341719019,-0.0989956100245316,-0.524605608260796,-0.517120550222558,-0.714636461732884,-0.481032850505841,-0.787699819187066,0.166492976071721,-0.688272926672758,-0.609315027154857,-0.781167620048305,-0.402734111237723,-0.291584996805733,0.451055794853747,-0.642827028622707,0.691051975675026,0.139455208340425,0.48858519708706,0.604012974355684,-0.000205506508248354,0.250469552040178,0.375283327630594,0.314546137613265,-0.307415298506272,-0.193480957340872,-0.148728646073473,0.477259288152262,0.43477747617697,0.211755106217848,-0.117470755622449,-0.150794339670595,-0.494537808447161,-0.244716471134332,-0.715151870647037,-0.528243153245927,-1.49318322910287,-0.948855598083604,-0.610742933620814,-0.021939760341179,0.21694146576139,-0.437605779196874,-0.768327021210672,-0.664953800865559,-1.04276777904814,-0.703675954079609,-0.641434668480087,-0.927164945120709,-0.943417989571624,-0.244972198659003,-0.484770893158525,-0.736007674434714,0.2646746268015,-0.0254110193102706,-0.490360915294988,-0.979737343279034,-0.642921748212663,-1.25987657577135,-0.708494189575876,-1.00173408553784,-0.510953564980804,-0.578597558864264,-0.58769759206478,-0.605458564147557,-0.611816080501898,-0.693525615093283,-0.504483693136305,-0.991165570256637,-0.126054861168214,-1.00067906327373,-1.04369081620685,0.0117675994172341,0.043492418028956,-0.746623498126033,-0.455838289318566,-0.464440585255434,-1.09150123680102,-0.308671556204521,-0.285838385160107,-0.44884668672173,-1.3445344515255,-0.89146996583223,-0.268609398169012,-0.64452360040943,-0.716246601836597,-0.883130167486479,-1.34950716786508,-0.869301241371229,-0.785084296762422,0.109909176759979,-0.215128337866363,-0.234757210043939,-0.732682582230484,0.303075724553324,-0.101729737449373,0.667603967145414,-0.577220935611508,-0.496794151523482,-0.206507758374147,-0.221583270950424,-0.533125719856228,-0.744068768580818,-0.833922913683831,-0.380585286908683,0.261158747186559,-0.0358356652134664,0.27142291964231,1.02332385486558,-1.40027936565973,-0.652157526358518,-0.040149716646664,1.395302670281,-0.827991345437691,-0.958455374930136,-1.04819810041375,-0.487203568212137,-0.778440856096904,-0.70005872997473,0.0457180135288615,-0.968056207803685,-0.825727217317548,-1.19530643596752,0.139141078097568,0.0759993135028678,-0.951142516068565,-0.345586906104539
